
3,4,5,أفعلة
3,4,5,أفعل
2,3,4,فعلة 
3,4,6,أفعال
2,3,4,فعل
2,3,4,فعل
2,3,5,فعالة
2,3,4,فعل
2,3,4,فعلى
2,3,5,فعول
2,3,5,فعال
2,3,4,فعل
2,3,4,فعلان
3,4,5,أفعلاء
2,3,4,فعلة
2,3,6,فعّال
2,3,4,فعلان
2,3,5,فعّل
2,3,4,فعلة
3,5,6,مفاعل
2,3,6,فعائل
3,5,6,أفاعل
2,5,6,فواعل
3,5,7,مفاعيل
3,5,7,أفاعيل
2,3,7,فعاعيل
2,3,4,فعلاء
2,3,5,فعالى
3,4,5,أفعل
2,3,5,فعّل
2,4,5,فاعل
4,5,6,انفعل
3,5,6,افتعل
3,4,5,افعلّ
3,5,6,تفاعل
3,4,6,تفعّل
5,6,7,استفعل
3,4,7,افعوعل
3,4,7,افعوّل
3,4,6,افعالّ
2,3,5,فعالة
2,3,4,فعلان
2,3,5,فعال
2,3,5,فعيل
2,3,4,فعلة
3,4,5,مفعل
3,4,5,مفعل
2,3,4,فعلة
2,3,4,فعلة
2,4,5,فاعل
2,3,5,فعال
3,4,6,مفعال
2,3,5,فعول
2,3,5,فعيل
2,3,4,فعل
3,4,6,مفعول
3,4,5,أفعل
2,3,4,فعلان
2,3,4,فعلاء
2,3,4,فعلى
2,3,4,فعل
2,3,5,فعال
3,4,5,أفعل
2,3,4,فعلى
3,4,5,مفعل
3,4,5,مفعل
3,4,5,مفعل
3,4,6,مفعال
3,4,5,مفعلة
2,3,5,فعالة
2,4,5,فاعلة
2,4,6,فاعول
3,4,5,أفعل
3,4,6,أفعال
3,4,5,أفعلة
2,3,4,فعلة
2,3,4,فعلة
2,3,4,فعلة
2,3,4,فعلة
2,3,4,فعلى
2,3,5,فعّل
2,3,6,فعّال
2,3,5,فعال
2,3,5,فعول
2,3,5,فعيل
2,3,4,فعلان
2,3,4,فعلان
2,3,4,فعلاء
3,4,5,أفعلاء
2,5,6,فواعل
2,3,6,فعائل
2,3,5,فعالي
2,3,5,فعالى
2,3,5,فعاليّ
2,3,5,فعيل
2,3,6,فعّال
2,4,5,فاعل
2,3,5,فعّل
2,4,5,فاعل
3,4,5,أفعل
3,4,6,تفعّل
3,5,6,تفاعل
4,5,6,إنفعل
3,5,6,إفتعل
3,4,5,إفعلّ
5,6,7,إستفعل
3,4,5,أفعل
3,4,5,مفعل
2,3,5,فعول
2,3,5,فعّل
2,3,5,فعال
2,3,5,فعيل
2,4,5,فاعل
2,3,4,فعلى
2,4,5,فوعل
2,3,4,فعلة
2,3,4,فعلال
2,4,6,فاعول
2,3,4,فعلان
3,4,6,أفعال
2,3,5,فعالي
2,3,5,فعالى
2,3,6,فعائل
2,3,5,فعولة
2,3,5,فعيلة
2,3,6,فعّول
2,3,6,فعّال
2,5,6,فواعل
3,4,5,أفعلة
2,4,5,فاعلة
2,3,4,فعلاء
3,4,6,تفعّل
3,4,6,تفعيل
3,4,6,تفعال
3,5,6,تفاعل
3,4,5,افعلّ
3,4,6,افعال
3,5,6,افتعل
4,5,6,انفعل
3,4,5,مفعلّ
3,4,5,مفعلة
3,5,6,مفاعل
3,5,6,مفدعل
3,4,6,مفعول
3,4,6,مفعّل
3,5,6,مفتعل
4,5,6,منفعل
3,4,6,مفعيل
3,5,6,إفثعل
3,5,6,افطعل
3,5,6,افدعل
3,5,6,مفثعل
3,5,6,مفطعل
3,4,6,مفعال
2,3,6,فعّيل
2,3,5,فعالة
2,3,6,فعّالة
3,6,7,افّوعل
2,3,4,فعليّة
3,6,7,افّاعل
5,6,7,استفعل
3,4,6,مفعالّ
3,4,7,افعوّل
3,4,7,مفعوّل
4,5,7,انفعال
2,3,6,فعّالة
3,5,7,افتعال
4,5,7,متفعّل
4,6,7,متفاعل
5,6,7,مستفعل
3,4,5,افعلال
3,5,7,افدعال
3,5,7,افطعال
3,5,7,افثعال
3,4,6,افعالّ
3,4,5,أفعلاء
3,4,7,افعوعل
3,4,6,افعالّ
2,3,5,فعاليّة
2,3,5,فعوليّة
5,6,8,إستفعال
3,4,6,إفعنلال
3,4,8,إفعوّال
3,4,6,إفعيلال
2,3,5,فعالت
2,3,4,فعلت
3,4,5,مفعلة
4,5,6,ستفعل
3,5,6,مفاعل
3,4,6,مفعولة
2,3,6,فعائل
2,4,7,فّعائل
2,4,5,فّعلات
2,4,5,فّعليّة
2,4,6,فّعّلات
3,4,6,إفعال
4,5,7,متفعّل
2,4,5,فاعلت
2,4,5,فاعلة
3,5,7,افتعال
2,3,5,فعولات
3,4,6,مفعولات
2,4,5,فّعلة
3,5,6,مفتعلين
3,5,6,مفتعلن
2,3,5,فعّل
2,3,5,فعّل
4,5,7,يتفعّل
3,4,6,تفعيل
3,4,6,افعولل