
2,3,4,فعل
2,3,4,فعلا
2,3,4,فعلت
2,3,4,فعلك
2,3,4,فعلن
2,3,4,فعله
2,3,4,فعلو
2,3,4,فعلى
2,3,4,فعلي
2,3,5,فعال
2,3,4,فعلا
2,3,4,فعلة
2,3,4,فعلك
2,3,4,فعلن
2,3,4,فعله
2,3,4,فعلي
2,3,5,فعول
2,3,5,فعيل
2,3,5,فعال
2,3,5,فعول
2,3,5,فعيل
2,4,5,فاعل
2,3,4,فعلة
2,4,5,ففعل
2,4,5,فوعل
2,4,5,فيعل
2,4,5,فاعل
2,4,5,ففعل
2,4,5,فوعل
2,4,5,ففعل
3,4,2,لفعل
3,4,5,أفعل
3,4,5,إفعل
3,4,5,افعل
3,4,5,بفعل
3,4,5,تفعل
3,4,5,كفعل
3,4,5,مفعل
3,4,5,نفعل
3,4,5,يفعل
3,4,5,أفعل
3,4,5,افعل
3,4,5,بفعل
3,4,5,تفعل
3,4,5,كفعل
3,4,5,مفعل
3,4,5,نفعل
3,4,5,يفعل
3,4,2,لفعل
3,4,5,أفعل
3,4,5,افعل
3,4,5,تفعل
3,4,5,كفعل
3,4,5,مفعل
3,4,5,نفعل
3,4,5,يفعل
3,4,5,تفعل
2,3,4,فعلاء
2,3,4,فعلات
2,3,4,فعلاك
2,3,4,فعلال
2,3,4,فعلان
2,3,4,فعلاه
2,3,4,فعلتا
2,3,4,فعلتك
2,3,4,فعلتم
2,3,4,فعلته
2,3,4,فعلتي
2,3,4,فعلكم
2,3,4,فعلكن
2,3,4,فعلنا
2,3,4,فعلني
2,3,4,فعلها
2,3,4,فعلهم
2,3,4,فعلهن
2,3,4,فعلوا
2,3,4,فعلوة
2,3,4,فعلون
2,3,4,فعلوه
2,3,4,فعلوي
2,3,4,فعليا
2,3,4,فعلية
2,3,4,فعليك
2,3,4,فعلين
2,3,4,فعليه
2,3,5,فعالا
2,3,5,فعالت
2,3,5,فعالك
2,3,5,فعالن
2,3,5,فعاله
2,3,5,فعالى
2,3,5,فعالي
2,3,4,فعلات
2,3,4,فعلان
2,3,4,فعلاه
2,3,4,فعلتا
2,3,4,فعلتم
2,3,4,فعلكم
2,3,4,فعلنا
2,3,4,فعلني
2,3,4,فعلها
2,3,4,فعلهم
2,3,4,فعلهن
2,3,4,فعلوا
2,3,4,فعلون
2,3,4,فعلوه
2,3,4,فعلين
2,3,5,فعولا
2,3,5,فعولة
2,3,5,فعولك
2,3,5,فعوله
2,3,5,فعولي
2,3,5,فعيلا
2,3,5,فعيلة
2,3,5,فعيلك
2,3,5,فعيله
2,3,5,فعيلي
2,3,6,فعائل
2,3,5,فعالا
2,3,5,فعالة
2,3,5,فعاله
2,3,6,فعاول
2,3,6,فعايل
2,3,6,فعوال
2,3,5,فعولا
2,3,5,فعولة
2,3,6,فعوول
2,3,6,فعويل
2,3,6,فعيال
2,3,5,فعيلا
2,3,6,فعيول
2,3,6,فعييل
2,4,5,فاعلا
2,4,5,فاعلة
2,4,5,فاعلك
2,4,5,فاعلن
2,4,5,فاعله
2,4,5,فاعلو
2,4,5,فاعلي
2,3,4,فعلات
2,3,4,فعلية
2,4,5,ففعلا
2,4,5,ففعلت
2,4,5,ففعلك
2,4,5,ففعلن
2,4,5,ففعله
2,4,5,ففعلي
2,4,5,فوعلا
2,4,5,فوعلة
2,4,5,فوعلن
2,4,5,فوعله
2,4,5,فيعله
2,4,5,فيعلو
2,4,5,فيعلي
2,4,6,فاعال
2,4,5,فاعلي
2,4,6,فاعول
2,4,6,فاعيل
2,3,4,فعلات
2,4,6,ففعال
2,4,5,ففعلا
2,4,5,ففعلة
2,4,5,ففعلن
2,4,5,ففعله
2,4,5,ففعلي
2,4,6,ففعول
2,4,6,فوعال
2,4,5,فوعلة
2,4,5,فوعله
2,4,6,فوعول
2,4,6,فوعيل
2,4,6,فيعال
2,4,5,فيعله
2,4,5,فيعلي
2,4,6,فيعول
2,4,6,فيعيل
2,4,6,فاعول
2,3,6,فعائل
2,4,6,ففعال
2,4,6,فوعال
2,4,6,فوعول
2,4,6,فوعيل
2,5,3,فلفعل
2,5,6,فأفعل
2,5,6,فافعل
2,5,6,فايعل
2,5,6,فبفعل
2,5,6,فتفعل
2,5,6,ففاعل
2,4,5,ففعلا
2,4,5,ففعله
2,5,6,فنفعل
2,5,6,فواعل
2,5,6,فويعل
2,5,6,فياعل
2,5,6,فيفعل
2,5,6,فيوعل
2,5,6,فأفعل
2,5,6,فافعل
2,5,6,فتفعل
2,5,6,فيفعل
2,5,6,فيوعل
2,5,6,فأفعل
3,4,2,لفعال
3,4,2,لفعلا
3,4,2,لفعلة
3,4,2,لفعلك
3,4,2,لفعلن
3,4,2,لفعله
3,4,2,لفعلو
3,4,2,لفعلي
3,4,2,لفعول
3,4,2,لفعيل
3,4,5,أفعلا
3,4,5,أفعلت
3,4,5,أفعلك
3,4,5,أفعلن
3,4,5,أفعله
3,4,5,أفعلي
3,4,5,افعلا
3,4,5,افعلت
3,4,5,افعلك
3,4,5,افعلن
3,4,5,افعله
3,4,5,افعلي
3,4,5,بفعلا
3,4,5,بفعلة
3,4,5,بفعلك
3,4,5,بفعله
3,4,5,بفعلي
3,4,5,تفعلا
3,4,5,تفعلة
3,4,5,تفعلك
3,4,5,تفعلن
3,4,5,تفعله
3,4,5,تفعلي
3,4,5,كفعلا
3,4,5,كفعلة
3,4,5,كفعله
3,4,5,كفعلي
3,4,5,مفعلا
3,4,5,مفعلة
3,4,5,مفعله
3,4,5,مفعلي
3,4,5,نفعلا
3,4,5,نفعلة
3,4,5,نفعلن
3,4,5,نفعله
3,4,5,نفعلي
3,4,5,يفعلا
3,4,5,يفعلت
3,4,5,يفعلك
3,4,5,يفعلن
3,4,5,يفعله
3,4,5,يفعلي
3,4,6,أفعال
3,4,6,إفعال
3,4,5,أفعلا
3,4,5,أفعلت
3,4,5,أفعلك
3,4,5,أفعله
3,4,5,أفعلي
3,4,6,أفعول
3,4,6,أفعيل
3,4,6,افعال
3,4,5,افعلة
3,4,6,افعول
3,4,6,بفعال
3,4,5,بفعلا
3,4,5,بفعلة
3,4,5,بفعله
3,4,6,بفعول
3,4,6,بفعيل
3,4,6,تفعال
3,4,5,تفعلا
3,4,5,تفعلت
3,4,5,تفعلك
3,4,5,تفعلن
3,4,5,تفعله
3,4,5,تفعلي
3,4,6,تفعول
3,4,6,تفعيل
3,4,6,كفعال
3,4,6,كفعول
3,4,6,كفعيل
3,4,6,مفعال
3,4,5,مفعلا
3,4,5,مفعلة
3,4,5,مفعله
3,4,5,مفعلي
3,4,6,مفعول
3,4,6,مفعيل
3,4,6,نفعال
3,4,5,نفعلا
3,4,5,نفعله
3,4,6,نفعول
3,4,6,يفعال
3,4,5,يفعلا
3,4,5,يفعلت
3,4,5,يفعلك
3,4,5,يفعلن
3,4,5,يفعله
3,4,5,يفعلي
3,4,6,يفعول
3,4,6,أفعال
3,4,6,افعول
3,4,6,بفعال
3,4,6,بفعيل
3,4,6,تفعال
3,4,6,تفعيل
3,4,6,مفعول
3,4,6,مفعيل
3,5,2,لفاعل
3,4,2,لفعال
3,4,2,لفعلة
3,4,2,لفعول
3,4,2,لفعيل
3,5,2,لفوعل
3,5,2,لفيعل
3,5,6,أفاعل
3,5,6,أفتعل
3,5,6,إفتعل
3,5,6,إفثعل
3,4,5,أفعله
3,5,6,أفوعل
3,5,6,أفيعل
3,5,6,افاعل
3,5,6,افتعل
3,5,6,افدعل
3,5,6,افطعل
3,4,5,افعلن
3,5,6,بفاعل
3,5,6,بفوعل
3,5,6,بفيعل
3,5,6,تفاعل
3,5,6,تفتعل
3,5,6,تفوعل
3,5,6,تفيعل
3,5,6,كفاعل
3,5,6,كفوعل
3,5,6,كفيعل
3,5,6,مفاعل
3,5,6,مفتعل
3,5,6,مفثعل
3,5,6,مفدعل
3,5,6,مفطعل
3,4,5,مفعلا
3,4,5,مفعلة
3,5,6,مفيعل
3,5,6,نفاعل
3,5,6,نفتعل
3,5,6,يفاعل
3,5,6,يفتعل
3,4,5,يفعلن
3,4,5,يفعلي
3,4,6,أفعال
3,4,6,أفعول
3,5,6,تفاعل
3,5,6,تفوعل
3,5,6,تفيعل
3,4,6,كفعول
3,4,5,مفعلة
3,4,6,مفعيل
3,5,6,مفوعل
3,5,6,مفيعل
3,5,2,لفاعل
3,5,6,افاعل
3,5,6,افوعل
4,5,2,لأفعل
4,5,2,لافعل
4,5,2,لتفعل
4,5,2,للفعل
4,5,2,لمفعل
4,5,2,ليفعل
4,5,3,الفعل
4,5,6,أتفعل
4,5,6,إنفعل
4,5,6,انفعل
4,5,6,بأفعل
4,5,6,بافعل
4,5,6,بمفعل
4,5,6,تنفعل
4,5,6,سأفعل
4,5,6,ستفعل
4,5,6,سنفعل
4,5,6,سيفعل
4,5,6,كأفعل
4,5,6,كافعل
4,5,6,كمفعل
4,5,6,متفعل
4,5,6,منفعل
4,5,6,نافعل
4,5,6,يافعل
4,5,6,يتفعل
4,5,6,ينفعل
4,5,6,أتفعل
4,5,6,بمفعل
4,5,6,تتفعل
4,5,6,متفعل
4,5,6,يتفعل
4,5,3,الفعل
2,3,4,فعلاته
2,3,4,فعلاتي
2,3,4,فعلانا
2,3,4,فعلانك
2,3,4,فعلانه
2,3,4,فعلاها
2,3,4,فعلاهم
2,3,4,فعلاهن
2,3,4,فعلاية
2,3,4,فعلتان
2,3,4,فعلتكم
2,3,4,فعلتما
2,3,4,فعلتنا
2,3,4,فعلتني
2,3,4,فعلتها
2,3,4,فعلتهم
2,3,4,فعلتهن
2,3,4,فعلكما
2,3,4,فعلناك
2,3,4,فعلناه
2,3,4,فعلهما
2,3,4,فعلوان
2,3,4,فعلواه
2,3,4,فعلونا
2,3,4,فعلوها
2,3,4,فعلوهم
2,3,4,فعلياء
2,3,4,فعليان
2,3,4,فعلياه
2,3,4,فعليكم
2,3,4,فعلينا
2,3,4,فعليها
2,3,4,فعليهن
2,3,5,فعالات
2,3,5,فعالان
2,3,5,فعالاه
2,3,5,فعالاي
2,3,5,فعالتا
2,3,5,فعالتك
2,3,5,فعالته
2,3,5,فعالتي
2,3,5,فعالكم
2,3,5,فعالنا
2,3,5,فعالها
2,3,5,فعالهم
2,3,5,فعالهن
2,3,5,فعالوا
2,3,5,فعالون
2,3,5,فعالوه
2,3,5,فعاليا
2,3,5,فعالية
2,3,5,فعالين
2,3,4,فعلاته
2,3,4,فعلاها
2,3,4,فعلتما
2,3,4,فعلناك
2,3,4,فعلناه
2,3,4,فعلهما
2,3,4,فعلوها
2,3,4,فعلوهم
2,3,5,فعولاء
2,3,5,فعولات
2,3,5,فعولان
2,3,5,فعولكم
2,3,5,فعولكن
2,3,5,فعولنا
2,3,5,فعولها
2,3,5,فعولهم
2,3,5,فعولهن
2,3,5,فعولوا
2,3,5,فعولية
2,3,5,فعيلات
2,3,5,فعيلان
2,3,5,فعيلها
2,3,5,فعيلهم
2,3,6,فعائلا
2,3,6,فعائلة
2,3,6,فعائله
2,3,5,فعالات
2,3,5,فعالان
2,3,5,فعالنا
2,3,5,فعالها
2,3,5,فعالهم
2,3,5,فعالون
2,3,5,فعالين
2,3,6,فعاوله
2,3,6,فعايله
2,3,6,فعوالا
2,3,6,فعوالة
2,3,6,فعواله
2,3,6,فعويلا
2,3,6,فعويله
2,3,6,فعيالا
2,3,6,فعيالة
2,3,6,فعيالك
2,3,6,فعياله
2,3,6,فعيولا
2,3,7,فعاعيل
2,4,5,فاعلاء
2,4,5,فاعلات
2,4,5,فاعلاك
2,4,5,فاعلان
2,4,5,فاعلتك
2,4,5,فاعلتم
2,4,5,فاعلته
2,4,5,فاعلتي
2,4,5,فاعلكم
2,4,5,فاعلنا
2,4,5,فاعلني
2,4,5,فاعلها
2,4,5,فاعلهم
2,4,5,فاعلهن
2,4,5,فاعلوا
2,4,5,فاعلون
2,4,5,فاعلوه
2,4,5,فاعلين
2,4,5,ففعلاء
2,4,5,ففعلات
2,4,5,ففعلان
2,4,5,ففعلتا
2,4,5,ففعلتم
2,4,5,ففعلته
2,4,5,ففعلنا
2,4,5,ففعلني
2,4,5,ففعلها
2,4,5,ففعلهم
2,4,5,ففعلهن
2,4,5,ففعلوا
2,4,5,ففعلون
2,4,5,ففعلوه
2,4,5,ففعلية
2,4,5,فوعلاه
2,4,5,فوعلها
2,4,5,فوعلهم
2,4,5,فيعلان
2,4,5,فيعلكم
2,4,5,فيعلهم
2,4,5,فيعلوا
2,4,5,فيعلون
2,4,5,فيعليا
2,4,6,فاعالا
2,4,5,فاعلاه
2,4,5,فاعلوا
2,4,5,فاعليا
2,4,6,فاعولا
2,4,6,فاعولة
2,4,6,فاعيلا
2,4,6,فاعيله
2,4,6,ففعالا
2,4,6,ففعالة
2,4,6,ففعالك
2,4,6,ففعاله
2,4,6,ففعالي
2,4,5,ففعلتا
2,4,5,ففعلنا
2,4,5,ففعلني
2,4,5,ففعلها
2,4,5,ففعلهم
2,4,5,ففعلوا
2,4,5,ففعلوه
2,4,6,ففعوله
2,4,6,فوعالا
2,4,6,فوعالة
2,4,5,فوعلوا
2,4,6,فوعولا
2,4,6,فوعوله
2,4,6,فوعيلا
2,4,6,فوعيلة
2,4,6,فيعالا
2,4,6,فيعاله
2,4,6,فيعالي
2,4,5,فيعلوا
2,4,6,فيعولا
2,4,6,فيعولة
2,4,6,فيعولي
2,4,6,فيعيلا
2,4,6,فيعيله
2,4,7,ففعائل
2,4,6,ففعالة
2,4,7,فيعاول
2,5,3,فلفعال
2,5,3,فلفعلت
2,5,3,فلفعله
2,5,3,فلفعول
2,5,3,فلفعيل
2,5,6,فأفعلا
2,5,6,فأفعلت
2,5,6,فأفعلك
2,5,6,فأفعلن
2,5,6,فأفعله
2,5,6,فأفعلي
2,5,6,فافعلا
2,5,6,فافعلة
2,5,6,فافعلن
2,5,6,فافعله
2,5,6,فافعلي
2,5,6,فبفعله
2,5,6,فتفعلا
2,5,6,فتفعله
2,5,6,فتفعلي
2,5,6,ففاعلا
2,5,6,ففاعلة
2,5,6,ففاعلن
2,5,6,ففاعله
2,4,5,ففعلوا
2,5,6,فكفعله
2,5,6,فمفعلة
2,5,6,فنفعلا
2,5,6,فنفعله
2,5,6,فواعلا
2,5,6,فواعلة
2,5,6,فواعله
2,5,6,فياعلا
2,5,6,فياعلة
2,5,6,فيفعلا
2,5,6,فيفعلت
2,5,6,فيفعلن
2,5,6,فيفعله
2,5,6,فيفعلي
2,5,6,فيوعله
2,5,7,فأفعال
2,5,7,فإفعال
2,5,7,فأفعول
2,5,7,فافعال
2,5,7,فافعول
2,5,7,فبفعال
2,5,7,فبفعيل
2,5,6,فتفعلت
2,5,6,فتفعله
2,5,7,فتفعيل
2,5,7,فنفعال
2,5,7,فنفعول
2,5,7,فواعال
2,5,6,فواعلي
2,5,7,فواعيل
2,5,7,فياعال
2,5,7,فياعيل
2,5,7,فيفعال
2,5,6,فيفعله
2,5,7,فأفعول
2,6,3,فلتفعل
2,6,3,فلفاعل
2,5,3,فلفعال
2,6,3,فلفوعل
2,6,3,فلفيعل
2,6,3,فللفعل
2,6,3,فلنفعل
2,6,3,فليفعل
2,6,4,فالفعل
2,6,7,فأفاعل
2,6,7,فافاعل
2,6,7,فافتعل
2,5,6,فافعلن
2,6,7,فانفعل
2,6,7,فبافعل
2,6,7,فتفاعل
2,6,7,فستفعل
2,6,7,فسيفعل
2,6,7,فمفاعل
2,6,7,فنفاعل
2,5,7,فأفعول
2,5,7,فكفعول
2,6,7,فمتفعل
2,6,7,فيتفعل
2,6,4,فالفعل
3,4,2,لفعائل
3,4,2,لفعالا
3,4,2,لفعالة
3,4,2,لفعاله
3,4,2,لفعالي
3,4,2,لفعلاء
3,4,2,لفعلاة
3,4,2,لفعلان
3,4,2,لفعلتم
3,4,2,لفعلته
3,4,2,لفعلكم
3,4,2,لفعلنا
3,4,2,لفعلني
3,4,2,لفعلها
3,4,2,لفعلهم
3,4,2,لفعلهن
3,4,2,لفعلوا
3,4,2,لفعلوه
3,4,2,لفعلية
3,4,2,لفعليي
3,4,2,لفعوال
3,4,2,لفعولة
3,4,2,لفعوله
3,4,2,لفعويل
3,4,2,لفعيال
3,4,2,لفعيلا
3,4,2,لفعيلة
3,4,2,لفعيلي
3,4,2,لفعييل
3,4,5,أفعلاء
3,4,5,أفعلان
3,4,5,أفعلاه
3,4,5,أفعلتا
3,4,5,أفعلتك
3,4,5,أفعلتم
3,4,5,أفعلته
3,4,5,أفعلكم
3,4,5,أفعلكن
3,4,5,أفعلنا
3,4,5,أفعلني
3,4,5,أفعلها
3,4,5,أفعلهم
3,4,5,أفعلهن
3,4,5,أفعلوا
3,4,5,أفعلون
3,4,5,أفعلوه
3,4,5,أفعلية
3,4,5,أفعلين
3,4,5,افعلاء
3,4,5,افعلات
3,4,5,افعلال
3,4,5,افعلان
3,4,5,افعلتا
3,4,5,افعلتك
3,4,5,افعلتم
3,4,5,افعلته
3,4,5,افعلني
3,4,5,افعلها
3,4,5,افعلهم
3,4,5,افعلوا
3,4,5,افعلون
3,4,5,افعلوه
3,4,5,افعلية
3,4,5,افعلين
3,4,5,بفعلاء
3,4,5,بفعلات
3,4,5,بفعلان
3,4,5,بفعلاه
3,4,5,بفعلتك
3,4,5,بفعلته
3,4,5,بفعلتي
3,4,5,بفعلكم
3,4,5,بفعلنا
3,4,5,بفعلها
3,4,5,بفعلهم
3,4,5,بفعلهن
3,4,5,بفعلية
3,4,5,بفعلين
3,4,5,تفعلات
3,4,5,تفعلان
3,4,5,تفعلكم
3,4,5,تفعلنا
3,4,5,تفعلني
3,4,5,تفعلها
3,4,5,تفعلهم
3,4,5,تفعلوا
3,4,5,تفعلون
3,4,5,تفعلوه
3,4,5,تفعلين
3,4,5,كفعلاء
3,4,5,كفعلان
3,4,5,كفعلته
3,4,5,كفعلكم
3,4,5,كفعلنا
3,4,5,كفعلها
3,4,5,كفعلهم
3,4,5,كفعلهن
3,4,5,كفعلون
3,4,5,مفعلات
3,4,5,مفعلان
3,4,5,مفعلته
3,4,5,مفعلها
3,4,5,مفعلهم
3,4,5,مفعلهن
3,4,5,مفعلون
3,4,5,مفعليا
3,4,5,مفعلية
3,4,5,مفعلين
3,4,5,مفعليه
3,4,5,نفعلكم
3,4,5,نفعلنا
3,4,5,نفعلها
3,4,5,نفعلهم
3,4,5,نفعلوا
3,4,5,يفعلان
3,4,5,يفعلكم
3,4,5,يفعلنا
3,4,5,يفعلني
3,4,5,يفعلها
3,4,5,يفعلهم
3,4,5,يفعلهن
3,4,5,يفعلوا
3,4,5,يفعلون
3,4,5,يفعلوه
3,4,5,يفعلية
3,4,5,يفعلين
3,4,6,أفعالا
3,4,6,إفعالا
3,4,6,أفعالك
3,4,6,إفعالك
3,4,6,أفعاله
3,4,6,إفعاله
3,4,6,أفعالي
3,4,6,إفعالي
3,4,5,أفعلكم
3,4,5,أفعلكن
3,4,5,أفعلها
3,4,5,أفعلهم
3,4,5,أفعلوا
3,4,6,أفعولا
3,4,6,أفعوله
3,4,6,افعالة
3,4,6,افعاله
3,4,6,افعالي
3,4,5,افعلاء
3,4,5,افعلنا
3,4,5,افعلين
3,4,6,افعولء
3,4,6,افعولئ
3,4,6,افعولر
3,4,6,افعولل
3,4,6,افعولم
3,4,6,افعولي
3,4,6,بفعالا
3,4,6,بفعالة
3,4,6,بفعالك
3,4,6,بفعاله
3,4,6,بفعالي
3,4,5,بفعلنا
3,4,5,بفعلها
3,4,6,بفعولة
3,4,6,بفعوله
3,4,6,بفعيلة
3,4,6,بفعيلي
3,4,6,تفعالي
3,4,5,تفعلات
3,4,5,تفعلان
3,4,5,تفعلتم
3,4,5,تفعلكم
3,4,5,تفعلنا
3,4,5,تفعلني
3,4,5,تفعلها
3,4,5,تفعلهم
3,4,5,تفعلهن
3,4,5,تفعلوا
3,4,5,تفعلون
3,4,5,تفعلوه
3,4,5,تفعلين
3,4,6,تفعولي
3,4,6,تفعيلا
3,4,6,تفعيلة
3,4,6,تفعيله
3,4,6,كفعالة
3,4,6,كفعاله
3,4,6,كفعوله
3,4,6,كفعولي
3,4,6,كفعيلة
3,4,6,كفعيلي
3,4,6,مفعالا
3,4,6,مفعالة
3,4,6,مفعاله
3,4,5,مفعلات
3,4,5,مفعلان
3,4,5,مفعلنا
3,4,5,مفعلها
3,4,5,مفعلون
3,4,5,مفعلين
3,4,6,مفعولة
3,4,6,مفعوله
3,4,6,مفعولي
3,4,6,يفعاله
3,4,5,يفعلان
3,4,5,يفعلتا
3,4,5,يفعلنا
3,4,5,يفعلني
3,4,5,يفعلها
3,4,5,يفعلهم
3,4,5,يفعلهن
3,4,5,يفعلوا
3,4,5,يفعلون
3,4,5,يفعلوه
3,4,5,يفعلين
3,4,6,يفعوله
3,4,7,أفعائل
3,4,7,أفعيال
3,4,7,أفعييل
3,4,7,افعائل
3,4,6,افعالة
3,4,6,افعالي
3,4,7,افعودل
3,4,7,افعوسل
3,4,7,افعوضل
3,4,7,افعوعل
3,4,7,افعوقل
3,4,7,بفعائل
3,4,6,بفعالة
3,4,7,بفعايل
3,4,7,بفعيال
3,4,7,بفعييل
3,4,7,كفعائل
3,4,7,مفعيال
3,4,7,إفعوال
3,4,7,مفعيال
3,5,2,لفاعلا
3,5,2,لفاعلة
3,5,2,لفاعله
3,5,2,لفاعلي
3,5,2,لفوعال
3,5,2,لفوعلا
3,5,2,لفوعول
3,5,2,لفيعيل
3,5,6,أفاعلا
3,5,6,أفاعلت
3,5,6,أفاعلك
3,5,6,أفاعله
3,5,6,أفاعلي
3,4,5,أفعلها
3,5,6,افاعلة
3,5,6,افتعلا
3,5,6,افتعلت
3,5,6,افتعلن
3,5,6,افتعله
3,5,6,افتعلي
3,4,5,افعلوا
3,5,6,بفاعلا
3,5,6,بفاعلة
3,5,6,بفاعله
3,5,6,بفاعلي
3,5,6,بفوعلا
3,5,6,بفوعلة
3,5,6,بفيعلة
3,5,6,تفاعلا
3,5,6,تفاعلت
3,5,6,تفاعله
3,5,6,تفاعلي
3,5,6,تفتعله
3,4,5,تفعلون
3,5,6,كفاعلة
3,5,6,كفاعله
3,5,6,مفاعلا
3,5,6,مفاعلة
3,5,6,مفاعله
3,5,6,مفاعلي
3,5,6,مفتعلن
3,4,5,مفعلان
3,4,5,مفعلون
3,4,5,مفعلين
3,5,6,نفاعلا
3,5,6,يفاعلن
3,5,6,يفاعله
3,5,6,يفتعلك
3,5,6,يفتعله
3,5,7,أفاعول
3,5,7,أفاعيل
3,5,7,افتعال
3,5,7,افثعال
3,5,7,افدعال
3,5,7,افطعال
3,5,7,بفاعيل
3,5,7,بفوعيل
3,5,7,بفيعال
3,5,7,بفيعيل
3,5,7,تفاعيل
3,5,7,كفاعيل
3,4,6,كفعولي
3,5,7,كفيعال
3,5,7,كفيعول
3,5,7,كفيعيل
3,5,7,مفاعال
3,5,7,مفاعيل
3,5,6,مفوعلا
3,5,6,مفوعلة
3,5,6,مفيعلا
3,5,6,مفيعلة
3,5,7,مفيعول
3,5,7,مفيعيل
3,5,7,تفاعول
3,6,2,لفواعل
3,6,7,أفأفعل
3,6,7,أفاوعل
3,6,7,أفايعل
3,6,7,أفياعل
3,6,7,أفيفعل
3,6,7,بفواعل
3,6,7,تفاوعل
3,6,7,تفايعل
3,6,7,تفويعل
3,6,7,تفييعل
3,5,6,كفاعله
3,5,6,كفاعلي
3,6,7,كفواعل
3,6,7,مفاوعل
3,6,7,أفأفعل
4,5,2,لأفعال
4,5,2,لإفعال
4,5,2,لأفعلة
4,5,2,لأفعله
4,5,2,لافعله
4,5,2,لتفعلة
4,5,2,لتفعله
4,5,2,لتفعلي
4,5,2,لتفعيل
4,5,2,للفعال
4,5,2,للفعلة
4,5,2,للفعله
4,5,2,للفعلي
4,5,2,للفعول
4,5,2,للفعيل
4,5,2,لمفعال
4,5,2,لمفعلة
4,5,2,لمفعول
4,5,3,الفعال
4,5,3,الفعلا
4,5,3,الفعلت
4,5,3,الفعلك
4,5,3,الفعلن
4,5,3,الفعله
4,5,3,الفعلي
4,5,3,الفعول
4,5,3,الفعيل
4,5,6,أتفعلا
4,5,6,انفعلا
4,5,6,انفعلت
4,5,6,انفعلن
4,5,6,انفعلي
4,5,6,بأفعلة
4,5,6,بافعلة
4,5,6,بتفعلة
4,5,6,بمفعلة
4,5,6,سأفعلك
4,5,6,سأفعله
4,5,6,سنفعله
4,5,6,كافعلة
4,5,6,كمفعلة
4,5,6,متفعلا
4,5,6,متفعلة
4,5,6,يافعلة
4,5,7,انفعال
4,5,7,بأفعال
4,5,7,بإفعال
4,5,7,بافعال
4,5,7,بتفعيل
4,5,7,بمفعال
4,5,6,بمفعلة
4,5,6,بمفعلي
4,5,7,بمفعول
4,5,7,بمفعيل
4,5,7,كأفعال
4,5,7,كإفعال
4,5,7,كافعال
4,5,7,كتفعيل
4,5,6,كمفعلة
4,5,7,كمفعول
4,5,6,متفعلا
4,5,6,متفعلة
4,5,6,متفعلي
4,5,6,يتفعلا
4,5,6,يتفعلن
4,5,6,يتفعله
4,6,2,لأفاعل
4,6,2,لافتعل
4,6,2,لتفاعل
4,6,2,للفاعل
4,6,2,للفوعل
4,6,2,لمفاعل
4,6,3,الفاعل
4,5,3,الفعال
4,5,3,الفعلا
4,5,3,الفعلة
4,5,3,الفعلن
4,5,3,الفعلي
4,5,3,الفعول
4,5,3,الفعيل
4,6,3,الفوعل
4,6,3,الفيعل
4,6,7,أأفاعل
4,6,7,بأفاعل
4,6,7,بتفاعل
4,6,7,بمفاعل
4,6,7,تتفاعل
4,6,7,كتفاعل
4,6,7,متفاعل
4,6,7,يتفاعل
4,6,3,الفاعل
4,6,3,الفوعل
4,6,3,الفيعل
5,6,2,لانفعل
5,6,2,للأفعل
5,6,2,للمفعل
5,6,2,ليتفعل
5,6,3,الأفعل
5,6,3,الافعل
5,6,3,المفعل
5,6,4,بالفعل
5,6,4,كالفعل
5,6,7,أستفعل
5,6,7,إستفعل
5,6,7,استفعل
5,6,7,تستفعل
5,6,7,مستفعل
5,6,7,نستفعل
5,6,7,يستفعل
5,6,7,بمتفعل
5,6,4,بالفعل
5,6,4,كالفعل
2,3,4,فعلاتكم
2,3,4,فعلاتنا
2,3,4,فعلاتها
2,3,4,فعلاتهم
2,3,4,فعلاتهن
2,3,4,فعلانها
2,3,4,فعلانهم
2,3,4,فعلاهما
2,3,4,فعلاوان
2,3,4,فعلتهما
2,3,4,فعلناكم
2,3,4,فعلناها
2,3,4,فعلناهم
2,3,4,فعلواهم
2,3,4,فعلياها
2,3,4,فعليهما
2,3,5,فعالاهم
2,3,5,فعالتان
2,3,5,فعالتنا
2,3,5,فعالتها
2,3,5,فعالتهم
2,3,5,فعالتهن
2,3,5,فعالكما
2,3,5,فعالهما
2,3,5,فعالينا
2,3,5,فعاليها
2,3,4,فعلاتكم
2,3,4,فعلاتهم
2,3,4,فعلناها
2,3,4,فعلناهم
2,3,5,فعولاته
2,3,5,فعولكما
2,3,5,فعولهما
2,3,5,فعولوها
2,3,5,فعيلهما
2,3,6,فعائلكم
2,3,6,فعائلنا
2,3,6,فعائلها
2,3,6,فعائلهم
2,3,6,فعاولها
2,3,6,فعايلكم
2,3,6,فعايلنا
2,3,6,فعايلها
2,3,6,فعايلهم
2,3,6,فعوالها
2,3,6,فعويلها
2,3,6,فعيالان
2,3,6,فعيالكم
2,3,6,فعيالها
2,3,5,فعيلهما
2,4,5,فاعلاها
2,4,5,فاعلتان
2,4,5,فاعلتكم
2,4,5,فاعلتما
2,4,5,فاعلتني
2,4,5,فاعلتها
2,4,5,فاعلتهم
2,4,5,فاعلهما
2,4,5,فاعلوكم
2,4,5,فاعلوها
2,4,5,فاعلوهم
2,4,5,ففعلاهن
2,4,5,ففعلتان
2,4,5,ففعلتها
2,4,5,ففعلتهم
2,4,5,ففعلناه
2,4,5,ففعلهما
2,4,5,فوعلهما
2,4,5,فيعلهما
2,4,5,فيعلوان
2,4,5,فيعلوها
2,4,5,فيعليها
2,4,5,فيعليهم
2,4,5,فاعلاها
2,4,5,فاعلياه
2,4,6,فاعولاء
2,4,6,فاعيلها
2,4,6,ففعالته
2,4,6,ففعالها
2,4,6,ففعالهم
2,4,5,ففعلناه
2,4,5,ففعلهما
2,4,6,ففعولات
2,4,6,ففعولها
2,4,6,ففعولهم
2,4,6,فوعولها
2,4,6,فيعالان
2,4,6,فيعالها
2,4,6,فيعالهم
2,4,6,فيعيلون
2,4,7,فوعايله
2,4,7,فيعاوله
2,5,3,فلفعالة
2,5,3,فلفعاله
2,5,3,فلفعالي
2,5,3,فلفعلته
2,5,3,فلفعلها
2,5,3,فلفعولة
2,5,3,فلفعوله
2,5,6,فأفعلاه
2,5,6,فأفعلتم
2,5,6,فأفعلته
2,5,6,فأفعلكم
2,5,6,فأفعلنا
2,5,6,فأفعلني
2,5,6,فأفعلها
2,5,6,فأفعلهم
2,5,6,فأفعلوا
2,5,6,فأفعلون
2,5,6,فأفعلوه
2,5,6,فافعلاء
2,5,6,فافعلان
2,5,6,فافعلها
2,5,6,فافعلوا
2,5,6,فافعلوه
2,5,6,فافعلية
2,5,6,فتفعلها
2,5,6,فتفعلهم
2,5,6,فتفعلوا
2,5,6,ففاعلان
2,5,6,ففاعلته
2,5,6,ففاعلها
2,5,6,ففاعلهم
2,5,6,ففاعلوا
2,5,6,ففاعلوه
2,5,6,فكفعلهم
2,5,6,فنفعلها
2,5,6,فواعلاه
2,5,6,فواعلها
2,5,6,فواعلهم
2,5,6,فواعلوه
2,5,6,فيفعلان
2,5,6,فيفعلنا
2,5,6,فيفعلها
2,5,6,فيفعلهم
2,5,6,فيفعلهن
2,5,6,فيفعلوا
2,5,6,فيفعلون
2,5,6,فيفعلوه
2,5,6,فيوعلون
2,5,7,فأفعاله
2,5,7,فإفعاله
2,5,7,فافعالا
2,5,7,فافعالت
2,5,7,فافعاله
2,5,7,فافعالي
2,5,7,فافعولء
2,5,7,فبفعالة
2,5,7,فبفعاله
2,5,6,فتفعلنا
2,5,6,فتفعلني
2,5,6,فتفعلها
2,5,6,فتفعلوا
2,5,7,فتفعيلك
2,5,7,فتفعيله
2,5,7,فمفعولة
2,5,6,فيفعلها
2,5,6,فيفعلهم
2,5,6,فيفعلون
2,6,3,فلإفعال
2,6,3,فلتفعيل
2,6,3,فلفاعلة
2,6,3,فلفاعله
2,6,3,فللفعلة
2,6,3,فللفعيل
2,6,3,فليفعله
2,6,4,فالفعال
2,6,4,فالفعلا
2,6,4,فالفعلة
2,6,4,فالفعلن
2,6,4,فالفعله
2,6,4,فالفعلي
2,6,4,فالفعول
2,6,4,فالفعيل
2,6,7,فأفاعلا
2,6,7,فأفاعلي
2,6,7,فافتعلا
2,6,7,فافتعلت
2,6,7,فافتعلك
2,6,7,فافتعله
2,5,6,فافعلوا
2,6,7,فانفعلا
2,6,7,فانفعلت
2,6,7,فبفاعله
2,6,7,فتفاعلا
2,6,7,فتفاعلت
2,6,7,فتفاعله
2,6,7,فسأفعله
2,6,7,فسنفعله
2,6,7,فمفاعلة
2,6,7,فنفاعلا
2,6,8,فأفاعول
2,6,8,فأفيعول
2,6,8,فافتعال
2,6,8,فبإفعال
2,6,8,فبتفعيل
2,6,7,فمتفعلة
2,6,7,فيتفعله
2,7,3,فلتفاعل
2,7,3,فللأفعل
2,7,3,فللفاعل
2,7,3,فللمفعل
2,7,4,فالأفعل
2,7,4,فالفاعل
2,6,4,فالفعال
2,6,4,فالفعلة
2,6,4,فالفعول
2,6,4,فالفعيل
2,7,4,فالفيعل
2,7,5,فبالفعل
2,7,5,فكالفعل
2,7,8,فأستفعل
2,7,8,فاستفعل
2,7,8,فتتفاعل
2,7,8,فتستفعل
2,6,7,فكفاعله
2,7,8,فمتفاعل
2,7,8,فيتفاعل
2,7,8,فيستفعل
2,7,4,فالفاعل
2,7,4,فالفيعل
3,4,2,لفعائلة
3,4,2,لفعالاة
3,4,2,لفعالته
3,4,2,لفعالكم
3,4,2,لفعالها
3,4,2,لفعالهم
3,4,2,لفعالين
3,4,2,لفعاولة
3,4,2,لفعلاته
3,4,2,لفعلاية
3,4,2,لفعلتان
3,4,2,لفعلتكم
3,4,2,لفعلتها
3,4,2,لفعلتهم
3,4,2,لفعلناك
3,4,2,لفعلناه
3,4,2,لفعلهما
3,4,2,لفعلياء
3,4,2,لفعوالي
3,4,2,لفعولات
3,4,2,لفعولكم
3,4,2,لفعولها
3,4,2,لفعولهم
3,4,2,لفعولهن
3,4,5,أفعلاها
3,4,5,أفعلاهن
3,4,5,أفعلتكم
3,4,5,أفعلتما
3,4,5,أفعلتني
3,4,5,أفعلتها
3,4,5,أفعلتهم
3,4,5,أفعلتهن
3,4,5,أفعلكما
3,4,5,أفعلناه
3,4,5,أفعلهما
3,4,5,أفعلوكم
3,4,5,أفعلوها
3,4,5,أفعلوهم
3,4,5,أفعليها
3,4,5,افعلتان
3,4,5,افعلهما
3,4,5,بفعلاكم
3,4,5,بفعلاها
3,4,5,بفعلاهم
3,4,5,بفعلتها
3,4,5,بفعلتهم
3,4,5,بفعلتهن
3,4,5,بفعلهما
3,4,5,بفعليها
3,4,5,تفعلاته
3,4,5,تفعلتان
3,4,5,تفعلهما
3,4,5,تفعلوها
3,4,5,كفعلتها
3,4,5,كفعلهما
3,4,5,مفعلتان
3,4,5,مفعلهما
3,4,5,مفعليها
3,4,5,نفعلهما
3,4,5,يفعلهما
3,4,6,أفعالكم
3,4,6,إفعالكم
3,4,6,أفعالنا
3,4,6,إفعالنا
3,4,6,أفعالها
3,4,6,إفعالها
3,4,6,أفعالهم
3,4,6,إفعالهم
3,4,6,أفعالهن
3,4,6,إفعالهن
3,4,6,أفعاليا
3,4,5,أفعلكما
3,4,5,أفعلهما
3,4,6,إفعنلال
3,4,6,إفعيلال
3,4,6,افعالها
3,4,6,افعالوا
3,4,6,افعالون
3,4,6,افعالين
3,4,6,افعولرة
3,4,6,افعولية
3,4,6,بفعالاة
3,4,6,بفعالان
3,4,6,بفعالته
3,4,6,بفعالنا
3,4,6,بفعالها
3,4,6,بفعالهم
3,4,6,بفعالية
3,4,6,بفعالين
3,4,6,بفعولات
3,4,6,بفعولكم
3,4,6,بفعولنا
3,4,6,بفعولها
3,4,6,بفعولهم
3,4,6,بفعولهن
3,4,5,تفعلاته
3,4,5,تفعلتما
3,4,5,تفعلهما
3,4,5,تفعلوها
3,4,6,تفعيلات
3,4,6,تفعيلان
3,4,6,تفعيلتا
3,4,6,تفعيلها
3,4,6,تفعيلهم
3,4,6,تفعيلهن
3,4,6,كفعالته
3,4,6,كفعالها
3,4,6,كفعالين
3,4,6,كفعولنا
3,4,6,كفعولها
3,4,6,مفعالات
3,4,6,مفعالان
3,4,6,مفعالها
3,4,5,مفعلاته
3,4,5,مفعليها
3,4,6,مفعولات
3,4,6,مفعولان
3,4,6,مفعولها
3,4,6,مفعوليا
3,4,6,مفعولين
3,4,6,يفعالنا
3,4,6,يفعالوا
3,4,6,يفعالون
3,4,5,يفعلناه
3,4,5,يفعلهما
3,4,7,أفعائلا
3,4,7,افعائلة
3,4,7,افعوالي
3,4,7,افعودلة
3,4,7,افعورلت
3,4,7,افعوضلة
3,4,7,افعوعلة
3,4,7,افعويلا
3,4,7,بفعائلا
3,4,7,بفعائله
3,4,6,بفعالها
3,4,7,بفعاولة
3,4,7,بفعايلة
3,4,7,بفعويلا
3,4,7,كفعائلا
3,4,7,مفعاولة
3,5,2,لفاعلته
3,5,2,لفاعلها
3,5,2,لفوعلها
3,5,2,لفيعالي
3,5,2,لفيعلنا
3,5,2,لفيعولة
3,5,6,أفاعلكم
3,5,6,أفاعلها
3,5,6,أفاعلهم
3,5,6,افتعلاء
3,5,6,افتعلتا
3,5,6,افتعلتم
3,5,6,افتعلنا
3,5,6,افتعلها
3,5,6,افتعلهم
3,5,6,افتعلوا
3,5,6,افتعلوه
3,5,6,بفاعلته
3,5,6,بفاعلها
3,5,6,بفاعلهم
3,5,6,بفيعلهم
3,5,6,تفاعلتا
3,5,6,تفاعلتم
3,5,6,تفاعلته
3,5,6,تفاعلني
3,5,6,تفاعلها
3,5,6,تفاعلهم
3,5,6,تفاعلوا
3,5,6,تفاعلوه
3,5,6,تفتعلها
3,5,6,تفتعلون
3,5,6,تفوعلهم
3,5,6,كفاعلان
3,5,6,مفاعلات
3,5,6,مفاعلته
3,5,6,مفاعلكم
3,5,6,مفاعلنا
3,5,6,مفاعلها
3,5,6,مفاعلهم
3,5,6,مفاعلون
3,5,6,مفاعلوه
3,5,6,مفاعلين
3,5,6,مفتعلين
3,5,6,نفاعلها
3,5,6,نفتعلها
3,5,6,يفاعلان
3,5,6,يفاعلها
3,5,6,يفاعلهم
3,5,6,يفاعلهن
3,5,6,يفاعلوا
3,5,6,يفاعلون
3,5,6,يفاعلوه
3,5,6,يفتعلان
3,5,6,يفتعلها
3,5,6,يفتعلون
3,5,7,أفيعولي
3,5,7,افتعالا
3,5,7,افتعالة
3,5,7,افتعاله
3,5,7,افتعالي
3,5,7,بفوعالا
3,5,7,بفيعولة
3,5,7,تفاعالا
3,5,7,تفاعيله
3,6,2,لفواعلة
3,6,7,أفأفعله
3,6,7,أفتفعله
3,6,7,تفويعلا
3,5,6,كفاعلان
3,5,6,كفاعلها
3,6,8,أفواعيل
3,6,8,تفاوعول
3,6,8,تفويعال
4,5,2,لأفعالك
4,5,2,لأفعاله
4,5,2,لإفعاله
4,5,2,لأفعالي
4,5,2,لأفعلها
4,5,2,لافعلاء
4,5,2,لافعلوا
4,5,2,لتفعلني
4,5,2,لتفعلها
4,5,2,لتفعلهم
4,5,2,لتفعلوا
4,5,2,لتفعلون
4,5,2,لتفعيلة
4,5,2,لتفعيله
4,5,2,للفعائل
4,5,2,للفعالا
4,5,2,للفعالة
4,5,2,للفعالي
4,5,2,للفعلاء
4,5,2,للفعلات
4,5,2,للفعلان
4,5,2,للفعلية
4,5,2,للفعلين
4,5,2,للفعولة
4,5,2,للفعويل
4,5,2,للفعيلة
4,5,2,للفعيول
4,5,2,ليفعلكم
4,5,2,ليفعلها
4,5,2,ليفعلوا
4,5,3,الفعائل
4,5,3,الفعالا
4,5,3,الفعالة
4,5,3,الفعالك
4,5,3,الفعالن
4,5,3,الفعالي
4,5,3,الفعاول
4,5,3,الفعايل
4,5,3,الفعلاء
4,5,3,الفعلات
4,5,3,الفعلان
4,5,3,الفعلون
4,5,3,الفعلية
4,5,3,الفعلين
4,5,3,الفعوال
4,5,3,الفعولة
4,5,3,الفعويل
4,5,3,الفعيال
4,5,3,الفعيلا
4,5,3,الفعيلة
4,5,3,الفعيول
4,5,3,الفعييل
4,5,6,أتفعلني
4,5,6,أتفعلون
4,5,6,انفعلتا
4,5,6,انفعلوا
4,5,6,بأفعلنا
4,5,6,بأفعلها
4,5,6,بأفعلين
4,5,6,بافعلاء
4,5,6,بافعلان
4,5,6,سأفعلهم
4,5,6,ستفعلكم
4,5,6,سنفعلها
4,5,6,كافعلاء
4,5,6,يتفعلان
4,5,6,يتفعلها
4,5,6,يتفعلوا
4,5,6,يتفعلون
4,5,6,ينفعلان
4,5,6,ينفعلون
4,5,6,أتفعلها
4,5,6,أتفعلهم
4,5,7,بأفعاله
4,5,7,بإفعاله
4,5,7,بافعولئ
4,5,7,بتفعيلة
4,5,7,بتفعيله
4,5,7,بمفعاله
4,5,7,بمفعولة
4,5,7,كإفعاله
4,5,7,كافعولئ
4,5,7,كتفعيلة
4,5,6,متفعلات
4,5,6,متفعلان
4,5,6,متفعلون
4,5,6,متفعلين
4,5,6,يتفعلان
4,5,6,يتفعلها
4,5,6,يتفعلهم
4,5,6,يتفعلوا
4,5,6,يتفعلون
4,5,8,بافعوضل
4,5,8,كافعودل
4,6,2,لأفاعله
4,6,2,لافتعال
4,6,2,لافتعلا
4,6,2,لافتعلت
4,6,2,لافتعله
4,6,2,لتفاعله
4,6,2,للفاعلة
4,6,2,لمفاعلة
4,6,2,لمفاعله
4,6,3,الفاعال
4,6,3,الفاعلة
4,6,3,الفاعول
4,6,3,الفاعيل
4,5,3,الفعائل
4,5,3,الفعالة
4,5,3,الفعالي
4,5,3,الفعايل
4,5,3,الفعلاء
4,5,3,الفعلات
4,5,3,الفعلان
4,5,3,الفعلية
4,5,3,الفعلين
4,5,3,الفعليه
4,5,3,الفعوال
4,5,3,الفعولة
4,5,3,الفعويل
4,5,3,الفعيال
4,5,3,الفعيلة
4,5,3,الفعييل
4,6,3,الفوعال
4,6,3,الفوعلة
4,6,3,الفوعول
4,6,3,الفوعيل
4,6,3,الفيعال
4,6,3,الفيعلة
4,6,3,الفيعيل
4,6,7,بمفاعلة
4,6,7,بمفاعله
4,6,7,تتفاعله
4,6,7,كافتعلا
4,6,7,كمفاعلة
4,6,7,متفاعلا
4,6,7,متفاعلة
4,6,7,يتفاعلا
4,6,7,يتفاعلن
4,6,7,يتفاعله
4,6,8,بافتعال
4,6,8,كافتعال
4,7,2,للفواعل
4,6,3,الفاعال
4,6,3,الفاعلة
4,6,3,الفاعول
4,6,3,الفاعيل
4,7,3,الفواعل
4,6,3,الفوعال
4,6,3,الفوعلة
4,6,3,الفوعيل
4,7,3,الفويعل
4,6,3,الفيعال
4,6,3,الفيعيل
4,7,3,الفواعل
4,7,3,الفياعل
5,6,2,لانفعلا
5,6,2,لانفعلت
5,6,2,للأفعال
5,6,2,للإفعال
5,6,2,للمفعال
5,6,2,للمفعلة
5,6,2,للمفعول
5,6,2,للمفعيل
5,6,2,لمتفعله
5,6,2,ليتفعلن
5,6,3,الأفعال
5,6,3,الإفعال
5,6,3,الأفعلة
5,6,3,المفعال
5,6,3,المفعلة
5,6,3,المفعول
5,6,3,المفعيل
5,6,4,بالفعال
5,6,4,بالفعلة
5,6,4,بالفعله
5,6,4,بالفعلي
5,6,4,بالفعول
5,6,4,بالفعيل
5,6,4,كالفعال
5,6,4,كالفعلة
5,6,4,كالفعله
5,6,4,كالفعلي
5,6,4,كالفعول
5,6,4,كالفعيل
5,6,7,أستفعلك
5,6,7,أستفعله
5,6,7,استفعلا
5,6,7,استفعلت
5,6,7,استفعلك
5,6,7,استفعلن
5,6,7,استفعله
5,6,7,استفعلي
5,6,7,تستفعله
5,6,7,تستفعلي
5,6,7,سنافعلا
5,6,7,مستفعلا
5,6,7,مستفعلة
5,6,7,مستفعلن
5,6,7,نستفعلك
5,6,7,يستفعلا
5,6,7,يستفعلن
5,6,7,يستفعله
5,6,8,إستفعال
5,6,7,بمتفعلة
5,6,8,يستفعال
5,7,2,للأفاعل
5,7,2,للمفاعل
5,7,3,الأفاعل
5,7,3,المفاعل
5,7,4,بالفاعل
5,6,4,بالفعال
5,6,4,بالفعلة
5,6,4,بالفعلي
5,6,4,بالفعول
5,6,4,بالفعيل
5,7,4,بالفيعل
5,7,4,كالفاعل
5,6,4,كالفعال
5,6,4,كالفعلة
5,6,4,كالفعول
5,6,4,كالفعيل
5,7,4,كالفوعل
5,7,4,كالفيعل
5,7,8,استفاعل
5,7,8,بمتفاعل
5,7,4,بالفاعل
5,7,4,بالفوعل
5,7,4,بالفيعل
5,7,4,كالفاعل
5,7,4,كالفيعل
6,7,2,لاستفعل
6,7,2,للمتفعل
6,7,2,لمستفعل
6,7,3,المتفعل
6,7,4,بالأفعل
6,7,4,كالأفعل
6,7,8,أتستفعل
6,7,8,بمستفعل
2,3,4,فعلانهما
2,3,4,فعلناهما
2,3,4,فعلييهما
2,3,5,فعالتهما
2,3,5,فعاليهما
2,3,5,فعولاتها
2,3,6,فعائلهما
2,3,6,فعايلهما
2,3,6,فعوالهما
2,4,5,فاعلتهما
2,4,5,ففعلتهما
2,4,5,فوعلاهما
2,4,5,فيعليهما
2,4,6,ففعالتها
2,4,5,ففعلناها
2,4,6,ففعولهما
2,5,3,فلفعالها
2,5,3,فلفعالين
2,5,3,فلفعلاته
2,5,3,فلفعلهما
2,5,3,فلفعولات
2,5,3,فلفعولها
2,5,6,فأفعلتها
2,5,6,فأفعلتهم
2,5,6,فأفعلتهن
2,5,6,فأفعلناه
2,5,6,فأفعلهما
2,5,6,فأفعلوها
2,5,6,فأفعلوهم
2,5,6,فافعلتان
2,5,6,فافعلناه
2,5,6,فيفعلهما
2,5,7,فإفعالكم
2,5,7,فإفعالها
2,5,7,فإفعالهم
2,5,7,فافعالوا
2,5,7,فتفعيلها
2,5,7,فواعيلها
2,5,6,فيفعلهما
2,5,8,فافعوضلة
2,6,3,فلإفعاله
2,6,3,فلفاعلها
2,6,3,فللفعلاء
2,6,3,فليفعلها
2,6,3,فليفعلوا
2,6,4,فالفعائل
2,6,4,فالفعالة
2,6,4,فالفعالي
2,6,4,فالفعلاء
2,6,4,فالفعلان
2,6,4,فالفعلون
2,6,4,فالفعلوه
2,6,4,فالفعولة
2,6,4,فالفعيلة
2,6,7,فافتعلتا
2,6,7,فافتعلنا
2,6,7,فافتعلها
2,6,7,فافتعلوا
2,6,7,فافتعلوه
2,6,7,فانفعلوا
2,6,7,فتفاعلته
2,6,7,فمفاعلنا
2,6,8,فافتعالا
2,6,8,فافتعاله
2,6,8,فبإفعاله
2,6,8,فبتفعيله
2,6,7,فيتفعلان
2,6,7,فيتفعلوا
2,6,7,فيتفعلون
2,7,3,فلافتعال
2,7,3,فللإفعال
2,7,3,فللمفعول
2,7,3,فلمفاعلة
2,7,4,فالأفعال
2,7,4,فالإفعال
2,7,4,فالأفعلة
2,7,4,فالفاعلة
2,6,4,فالفعائل
2,6,4,فالفعالة
2,6,4,فالفعلات
2,6,4,فالفعلان
2,6,4,فالفعلية
2,6,4,فالفعولة
2,7,4,فالفوعول
2,7,4,فالفيعال
2,7,4,فالمفعلة
2,7,5,فبالفعال
2,7,8,فاستفعلا
2,7,8,فاستفعلت
2,7,8,فاستفعله
2,7,8,فيتفاعله
2,7,8,فيستفعله
2,8,3,فللمفاعل
2,8,3,فليستفعل
2,7,4,فالفاعلة
2,8,4,فالمتفعل
2,8,4,فالمفاعل
2,7,5,فبالفعول
2,7,5,فبالفعيل
2,8,4,فالفواعل
3,4,2,لفعائلها
3,4,2,لفعائلهم
3,4,2,لفعالتها
3,4,2,لفعالتهم
3,4,2,لفعالهما
3,4,2,لفعاليها
3,4,2,لفعلانها
3,4,2,لفعلناهم
3,4,2,لفعولهما
3,4,2,لفعيالهم
3,4,5,أفعلاهما
3,4,5,أفعلتكما
3,4,5,أفعلتهما
3,4,5,أفعلناها
3,4,5,أفعلناهم
3,4,5,افعلاتها
3,4,5,بفعلانها
3,4,5,مفعليهما
3,4,5,يفعلناها
3,4,6,أفعالهما
3,4,6,إفعالهما
3,4,6,افعولئين
3,4,6,افعولرين
3,4,6,افعوللاء
3,4,6,افعوللان
3,4,6,بفعالتها
3,4,6,بفعالتهم
3,4,6,بفعالتهن
3,4,6,بفعاليهم
3,4,6,بفعولهما
3,4,5,تفعلاتها
3,4,6,تفعيلهما
3,4,5,كفعلاتهم
3,4,6,مفعاليان
3,4,6,مفعولاته
3,4,7,أفعيالهم
3,4,7,افعائلين
3,4,7,افعوصلاء
3,4,7,بفعائلكم
3,4,7,بفعائلها
3,4,7,بفعائلهم
3,4,7,بفعائلهن
3,4,7,بفعايلها
3,4,7,مفعايلان
3,4,7,مفعويلان
3,5,2,لفاعلتها
3,5,2,لفاعلتهم
3,5,2,لفيعلهما
3,5,6,أفاعلتكم
3,5,6,أفاعلتهم
3,5,6,افاعلتان
3,5,6,افتعلتما
3,5,6,افتعلناه
3,5,6,افتعلهما
3,5,6,بفاعلتها
3,5,6,تفاعلتها
3,5,6,تفاعلهما
3,5,6,تفوعلهما
3,5,6,تفيعلهما
3,5,6,كفاعلهما
3,5,6,مفاعلتها
3,5,6,مفاعلتهم
3,5,6,مفاعلتهن
3,5,6,مفاعلهما
3,5,6,يفاعلهما
3,5,6,يفتعلهما
3,5,7,أفاعيلها
3,5,7,افتعالات
3,5,7,افتعالتا
3,5,7,افتعالها
3,5,7,افتعالهم
3,5,7,افتعالهن
3,5,7,افتعالوا
3,5,7,تفاعيلها
3,6,2,لفواعلهم
3,6,7,أفاوعلهم
3,6,7,بفواعلها
4,5,2,لأفعالكم
4,5,2,لأفعالنا
4,5,2,لإفعالنا
4,5,2,لأفعالها
4,5,2,لإفعالها
4,5,2,لأفعالهم
4,5,2,لإفعالهم
4,5,2,لأفعلكما
4,5,2,لتفعلتها
4,5,2,لتفعيلها
4,5,2,لتفعيلهم
4,5,2,للفعالاة
4,5,2,للفعالين
4,5,2,للفعاولة
4,5,2,ليفعلهما
4,5,3,الفعائلة
4,5,3,الفعالاة
4,5,3,الفعالان
4,5,3,الفعالون
4,5,3,الفعالية
4,5,3,الفعالين
4,5,3,الفعاولة
4,5,3,الفعايلة
4,5,3,الفعلتان
4,5,3,الفعلياء
4,5,3,الفعليان
4,5,3,الفعولات
4,5,3,الفعيلان
4,5,3,الفعيليا
4,5,3,الفعيلية
4,5,7,بأفعالكم
4,5,7,بأفعالنا
4,5,7,بأفعالها
4,5,7,بإفعالها
4,5,7,بأفعالهم
4,5,7,بإفعالهم
4,5,7,بأفعالهن
4,5,7,بتفعيلها
4,5,7,بتفعيلهم
4,5,7,بتفعيلهن
4,5,7,بمفعالها
4,5,7,بمفعولين
4,5,7,كأفعالنا
4,5,7,كإفعالها
4,5,7,كتفعيلها
4,5,6,يتفعلهما
4,5,8,بافعوضلة
4,5,8,بافعوعلة
4,6,2,لافتعالة
4,6,2,لافتعاله
4,6,2,لافتعلاء
4,6,2,لافتعلوا
4,6,2,للفاعلات
4,6,2,للفاعلين
4,6,2,للفوعولة
4,6,2,للفيعولة
4,6,2,لمفاعلها
4,6,3,الفاعلاء
4,6,3,الفاعلات
4,6,3,الفاعلان
4,6,3,الفاعلون
4,6,3,الفاعلين
4,6,3,الفاعولة
4,5,3,الفعالون
4,5,3,الفعالية
4,5,3,الفعالين
4,5,3,الفعويلة
4,6,3,الفوعلان
4,6,3,الفوعلون
4,6,3,الفوعلين
4,6,3,الفوعولة
4,6,3,الفيعلان
4,6,3,الفيعولة
4,6,7,بافتعلاء
4,6,7,بتفاعلها
4,6,7,بمفاعلها
4,6,7,بمفاعلين
4,6,7,تتفاعلها
4,6,7,كافتعلاء
4,6,7,متفاعلات
4,6,7,متفاعلان
4,6,7,متفاعلون
4,6,7,متفاعلين
4,6,7,يتفاعلان
4,6,7,يتفاعلها
4,6,7,يتفاعلهم
4,6,7,يتفاعلهن
4,6,7,يتفاعلوا
4,6,7,يتفاعلون
4,6,7,يتفاعلوه
4,6,8,بافتعالة
4,6,8,بافتعاله
4,6,8,كافتعاله
4,6,3,الفاعلات
4,6,3,الفاعلان
4,6,3,الفاعلون
4,6,3,الفاعلين
4,6,3,الفاعولة
4,7,3,الفواعيل
4,7,3,الفياعلة
4,7,3,الفياعيل
4,6,3,الفيعلان
4,7,3,الفواعيل
4,7,3,الفياعال
4,7,3,الفياعلة
4,7,3,الفياعيل
5,6,2,للمفعلين
5,6,2,للمفعولة
5,6,2,ليتفعلها
5,6,2,ليتفعلهم
5,6,2,ليتفعلوا
5,6,3,الإفعالة
5,6,3,الأفعلين
5,6,3,الافعلاء
5,6,3,الافعلان
5,6,3,المفعلان
5,6,3,المفعلين
5,6,3,المفعولة
5,6,4,بالفعائل
5,6,4,بالفعالا
5,6,4,بالفعالة
5,6,4,بالفعالي
5,6,4,بالفعلاء
5,6,4,بالفعلات
5,6,4,بالفعلان
5,6,4,بالفعلية
5,6,4,بالفعلين
5,6,4,بالفعولة
5,6,4,بالفعيال
5,6,4,بالفعيلة
5,6,4,كالفعائل
5,6,4,كالفعالا
5,6,4,كالفعالة
5,6,4,كالفعالي
5,6,4,كالفعلاء
5,6,4,كالفعلية
5,6,4,كالفعيلة
5,6,7,أستفعلها
5,6,7,استفعلتا
5,6,7,استفعلتم
5,6,7,استفعلنا
5,6,7,استفعلني
5,6,7,استفعلها
5,6,7,استفعلوا
5,6,7,استفعلوه
5,6,7,تستفعلها
5,6,7,تستفعلوا
5,6,7,مستفعلان
5,6,7,مستفعلها
5,6,7,مستفعلون
5,6,7,نستفعلها
5,6,7,يستفعلان
5,6,7,يستفعلها
5,6,7,يستفعلهم
5,6,7,يستفعلوا
5,6,7,يستفعلون
5,6,7,يستفعلوه
5,7,2,للمفاعلة
5,7,3,الأفاعلت
5,7,3,الافتعال
5,7,3,الافتعلت
5,7,3,الافتعلك
5,7,3,الافتعلن
5,7,3,الافتعله
5,7,3,المفاعلة
5,7,3,المفاعلن
5,7,3,المفتعلن
5,7,4,بالفاعلة
5,7,4,بالفاعول
5,7,4,بالفاعيل
5,6,4,بالفعائل
5,6,4,بالفعالة
5,6,4,بالفعلاء
5,6,4,بالفعلات
5,6,4,بالفعلان
5,6,4,بالفعلية
5,6,4,بالفعولة
5,6,4,بالفعويل
5,6,4,بالفعيال
5,6,4,بالفعيلة
5,7,4,بالفوعول
5,7,4,بالفيعال
5,7,4,كالفاعلت
5,6,4,كالفعائل
5,6,4,كالفعالة
5,6,4,كالفعلاء
5,6,4,كالفعلان
5,6,4,كالفعولة
5,6,4,كالفعيال
5,6,4,كالفعيلة
5,7,4,كالفوعول
5,7,8,بمتفاعلة
5,7,4,بالفاعلة
5,7,4,بالفاعول
5,8,4,بالفواعل
5,7,4,بالفوعلة
5,7,4,كالفاعلة
5,7,4,كالفاعيل
5,8,4,بالفواعل
5,8,4,كالفواعل
6,7,2,لاستفعلة
6,7,3,المتفعلة
6,7,4,بالأفعال
6,7,4,بالإفعال
6,7,4,بالأفعلة
6,7,4,بالمفعلة
6,7,4,كالأفعال
6,7,4,كالإفعال
6,7,4,كالمفعلة
6,8,3,المتفاعل
6,8,4,بالأفاعل
6,8,4,بالمفاعل
6,8,4,كالأفاعل
6,8,4,كالمفاعل
7,8,2,للمستفعل
7,8,3,المستفعل
7,8,4,بالمتفعل
7,8,4,كالمتفعل
2,4,6,ففعالتهما
2,5,3,فلفعولهما
2,5,6,فأفعلاهما
2,5,6,فأفعلتهما
2,5,6,ففاعلناهم
2,5,7,فإفعالهما
2,5,7,فبفعولهما
2,5,7,فتفعيلهما
2,6,3,فليفعلهما
2,6,4,فالفعاولة
2,6,4,فالفعولات
2,6,7,فتفاعلهما
2,6,8,فافتعالها
2,6,8,فافتعالهم
2,7,3,فلافتعاله
2,7,5,فبالفعالة
2,7,8,فاستفعلنا
2,7,8,فاستفعلها
2,7,8,فاستفعلهم
2,7,8,فاستفعلوا
2,7,8,فيتفاعلان
2,7,8,فيتفاعلها
2,7,8,فيتفاعلهم
2,7,8,فيتفاعلهن
2,7,8,فيتفاعلون
2,7,8,فيستفعلها
2,7,8,فيستفعلهم
2,7,8,فيستفعلون
2,8,4,فالفواعيل
2,8,4,فالمفاعلة
2,8,5,فبالأفعال
2,8,5,فبالإفعال
2,8,5,فبالفيعيل
2,9,3,فللمستفعل
2,8,5,فبالفاعول
3,4,2,لفعلناهما
3,5,6,افتعلناها
3,5,6,مفاعلتهما
3,5,7,افتعالهما
3,5,6,كفاعليهما
4,5,3,الفعالتان
4,5,7,بافعوللاء
4,6,2,لافتعالها
4,6,2,لافتعالهم
4,6,3,الفاعلتان
4,6,3,الفاعيلون
4,6,3,الفوعولين
4,6,3,الفيعالان
4,6,7,يتفاعلهما
4,6,8,بافتعالها
4,6,8,بافتعالهم
4,6,8,بافتعالهن
4,6,8,كافتعالهم
5,6,2,للمفعولات
5,6,2,للمفعولين
5,6,3,المفعولات
5,6,3,المفعولان
5,6,3,المفعولين
5,6,4,بالفعالاة
5,6,4,بالفعالين
5,6,4,بالفعاولة
5,6,4,بالفعايلة
5,6,4,بالفعولات
5,6,4,بالفعيلية
5,6,4,كالفعالين
5,6,7,استفعلهما
5,6,7,تستفعلهما
5,6,7,يستفعلهما
5,7,2,للمفاعلين
5,7,2,للمفتعلين
5,7,3,الافتعالة
5,7,3,الافتعلاء
5,7,3,المفاعلان
5,7,3,المفاعلون
5,7,3,المفاعلين
5,7,3,المفتعلنة
5,7,3,المفتعلين
5,7,4,بالفاعلات
5,7,4,بالفاعلين
5,6,4,بالفعالين
5,6,4,بالفعلوان
5,7,4,بالفوعولة
5,7,4,بالفيعولة
5,7,4,كالفوعولة
5,7,4,بالفاعلين
5,8,4,بالفواعيل
5,8,4,بالفياعلة
6,7,2,لاستفعلوا
6,7,2,للمتفعلين
6,7,3,المتفعلون
6,7,3,المتفعلين
6,7,4,بالأفعلين
6,7,4,بالافعلاء
6,7,4,بالافعلان
6,7,4,بالمفعولة
6,7,4,كالمفعولة
6,8,3,المتفاعلة
6,8,4,بالأفاعلت
6,8,4,بالافتعال
6,8,4,بالافتعله
6,8,4,بالمفاعلة
6,8,4,بالمفتعلن
6,8,4,كالمفاعلة
7,8,3,الاستفعلة
7,8,3,الاستفعلك
7,8,3,الاستفعلن
7,8,3,المستفعلة
7,9,4,بالمتفاعل
2,6,8,فافتعالهما
2,9,5,فبالمفاعلة
5,7,3,الافتعالان
5,7,3,المفتعلنين
6,7,4,بالمفعولات
6,7,4,كالمفعولات
6,8,3,المتفاعلان
6,8,3,المتفاعلين
6,8,4,بالافتعالة
6,8,4,بالافتعلاء
6,8,4,كالمفاعلين
7,8,3,المستفعلين
7,8,4,كالمتفعلين
6,8,4,كالمفتعلنين
7,9,4,كالمتفاعلين
