
5,6,7,تستفعلنان
5,6,7,يستفعلنان
5,6,7,استفعلنان
5,6,7,استفعلتما
4,6,7,تتفاعلنان
4,6,7,يتفاعلنان
3,4,6,تفعاللنان
3,4,6,يفعاللنان
3,4,6,افعاللنان
5,6,7,مستفعلتان
5,6,7,مستفعلتان
3,4,6,إفعاليتان
3,4,6,افعاللتما
4,6,7,متفاعلتان
4,6,7,متفاعلتان
5,6,7,استفعلتن
4,5,6,تتفعلنان
4,5,6,يتفعلنان
3,4,6,افعاللتن
4,5,6,تنفعلنان
4,5,6,ينفعلنان
5,6,7,تستفعلان
5,6,7,يستفعلان
3,4,5,تفعللنان
3,4,5,يفعللنان
3,5,6,تفتعلنان
3,5,6,يفتعلنان
4,5,6,انفعلنان
5,6,7,استفعلان
3,4,5,افعللنان
3,5,6,افتعلنان
4,5,6,متفعلتان
4,5,6,متفعلتان
4,5,6,انفعلتما
5,6,7,استفعلنا
5,6,7,استفعلتم
5,6,7,استفعلتا
3,4,5,افعللتما
3,5,6,افتعلتما
5,6,7,تستفعلين
5,6,7,تستفعلون
5,6,7,يستفعلون
3,5,6,تفاعلنان
3,5,6,يفاعلنان
4,6,7,تتفاعلان
4,6,7,يتفاعلان
5,6,7,مستفعلون
5,6,7,مستفعلين
5,6,7,مستفعلون
5,6,7,مستفعلين
5,6,7,مستفعلتا
5,6,7,مستفعلات
5,6,7,مستفعلات
4,5,6,منفعلتان
4,5,6,منفعلتان
5,6,7,مستفعلان
5,6,7,مستفعلان
3,4,6,مفعالتان
3,4,6,مفعالتان
3,5,6,مفتعلتان
3,5,6,مفتعلتان
3,4,6,إفعاليون
3,4,6,إفعاليين
3,4,6,إفعاليان
3,4,6,إفعاليتا
3,4,6,إفعاليات
3,5,6,تفاعلتما
5,6,7,استفعلوا
3,4,6,افعاللنا
3,4,6,افعاللتم
4,6,7,تتفاعلين
4,6,7,تتفاعلون
4,6,7,يتفاعلون
5,6,7,تستفعلوا
5,6,7,يستفعلوا
3,4,6,مفعيلتان
4,6,7,متفاعلون
4,6,7,متفاعلين
4,6,7,متفاعلون
4,6,7,متفاعلين
4,6,7,متفاعلتا
4,6,7,متفاعلات
4,6,7,متفاعلات
3,4,6,مفعولتان
3,4,6,مفعولتان
3,5,6,مفاعلتان
3,5,6,مفاعلتان
4,6,7,متفاعلان
4,6,7,متفاعلان
4,6,7,تتفاعلوا
4,6,7,يتفاعلوا
4,5,6,انفعلتن
3,4,5,افعللتن
3,5,6,افتعلتن
3,4,5,تفعلنان
3,4,5,يفعلنان
4,5,6,تتفعلان
4,5,6,يتفعلان
5,6,7,أستفعلن
5,6,7,نستفعلن
5,6,7,تستفعلن
5,6,7,يستفعلن
5,6,7,استفعلن
3,4,5,تفعلتما
3,5,6,تفاعلتن
5,6,7,استفعلت
4,5,6,تتفعلين
4,5,6,تتفعلون
4,5,6,يتفعلون
3,4,5,تفعلنان
3,4,5,يفعلنان
4,5,6,تنفعلان
4,5,6,ينفعلان
4,6,7,أتفاعلن
4,6,7,نتفاعلن
4,6,7,تتفاعلن
4,6,7,يتفاعلن
3,4,6,تفعالان
3,4,6,يفعالان
3,5,6,تفتعلان
3,5,6,يفتعلان
3,4,5,افعلنان
3,4,5,أفعلنان
4,5,6,انفعلان
3,4,6,افعالان
3,5,6,افتعلان
3,4,5,مفعلتان
4,5,6,متفعلون
4,5,6,متفعلين
4,5,6,متفعلون
4,5,6,متفعلين
4,5,6,متفعلتا
5,6,7,مستفعلة
5,6,7,مستفعلة
4,5,6,متفعلات
4,5,6,متفعلات
3,4,5,مفعلتان
4,5,6,متفعلان
4,5,6,متفعلان
3,4,5,مفعلتان
3,4,6,إفعالية
3,4,5,أفعلتما
4,5,6,انفعلنا
4,5,6,انفعلتم
4,5,6,انفعلتا
5,6,7,استفعلا
3,4,5,افعللنا
3,4,5,افعللتم
3,4,6,افعاللت
3,4,6,افعالتا
3,4,6,افعاللن
3,5,6,افتعلنا
3,5,6,افتعلتم
3,5,6,افتعلتا
4,5,6,تنفعلين
4,5,6,تنفعلون
4,5,6,ينفعلون
3,4,6,تفعالين
3,4,6,تفعالون
3,4,6,تفعاللن
3,4,6,يفعالون
3,4,6,يفعاللن
3,5,6,تفتعلين
3,5,6,تفتعلون
3,5,6,يفتعلون
4,5,6,تتفعلوا
4,5,6,يتفعلوا
5,6,7,تستفعلي
5,6,7,تستفعلا
5,6,7,يستفعلا
3,5,6,تفاعلان
3,5,6,يفاعلان
5,6,7,استفعلي
2,4,5,فاعلنان
2,4,5,فاعلتان
2,3,5,فعالتان
2,3,5,فعيلتان
4,5,6,منفعلون
4,5,6,منفعلين
4,5,6,منفعلون
4,5,6,منفعلين
4,5,6,منفعلتا
4,6,7,متفاعلة
4,6,7,متفاعلة
5,6,7,مستفعلا
3,4,6,مفعالون
3,4,6,مفعالين
3,4,6,مفعالون
3,4,6,مفعالين
3,4,6,مفعالتا
3,5,6,مفتعلون
3,5,6,مفتعلين
3,5,6,مفتعلون
3,5,6,مفتعلين
3,5,6,مفتعلتا
4,5,6,منفعلات
4,5,6,منفعلات
3,4,6,مفعالات
3,4,6,مفعالات
3,5,6,مفتعلات
3,5,6,مفتعلات
4,5,6,منفعلان
4,5,6,منفعلان
5,6,7,مستفعلي
3,4,6,مفعالان
3,4,6,مفعالان
3,5,6,مفتعلان
3,5,6,مفتعلان
2,3,5,فعاللان
2,3,5,فعالتان
3,4,6,إفعاليا
3,4,6,إفعاليي
2,4,5,فاعلتما
4,5,6,انفعلوا
3,5,6,تفاعلنا
3,5,6,تفاعلتم
3,5,6,تفاعلتا
3,4,6,افعالوا
3,5,6,افتعلوا
3,5,6,تفاعلين
3,5,6,تفاعلون
3,5,6,يفاعلون
4,5,6,تنفعلوا
4,5,6,ينفعلوا
4,6,7,تتفاعلي
4,6,7,تتفاعلا
4,6,7,يتفاعلا
3,4,6,تفعالوا
3,4,6,يفعالوا
3,5,6,تفتعلوا
3,5,6,يفتعلوا
2,4,5,فوعلتما
2,4,5,فاعلتان
3,4,6,مفعيلون
3,4,6,مفعيلين
3,4,6,مفعيلان
3,4,6,مفعيلتا
3,4,6,مفعيلات
2,3,5,فعيلتان
2,3,5,فعولتان
3,4,6,مفعولون
3,4,6,مفعولين
3,4,6,مفعولون
3,4,6,مفعولين
3,4,6,مفعولتا
3,5,6,مفاعلون
3,5,6,مفاعلين
3,5,6,مفاعلون
3,5,6,مفاعلين
3,5,6,مفاعلتا
4,6,7,متفاعلا
3,4,6,مفعولات
3,4,6,مفعولات
3,5,6,مفاعلات
3,5,6,مفاعلات
3,4,6,مفعولان
3,4,6,مفعولان
3,5,6,مفاعلان
3,5,6,مفاعلان
4,6,7,متفاعلي
2,3,5,فعاللان
2,3,5,فعالتان
2,3,5,فعالتان
3,5,6,تفاعلوا
3,5,6,يفاعلوا
3,4,6,مفعالوا
3,4,6,مفعيلوا
5,6,8,إستفعال
3,4,6,إفعنلال
3,4,6,إفعيلال
3,4,5,تفعلتن
4,5,6,أتفعلن
4,5,6,نتفعلن
4,5,6,تتفعلن
4,5,6,يتفعلن
3,4,5,أفعلتن
3,4,5,تفعلان
3,4,5,يفعلان
4,5,6,أنفعلن
4,5,6,ننفعلن
4,5,6,تنفعلن
4,5,6,ينفعلن
3,4,5,تفعلان
3,4,5,يفعلان
3,4,6,أفعالن
3,4,6,نفعالن
3,4,6,تفعالن
3,4,6,يفعالن
3,5,6,أفتعلن
3,5,6,نفتعلن
3,5,6,تفتعلن
3,5,6,يفتعلن
2,3,4,فعلنان
4,5,6,انفعلن
3,4,5,افعلان
3,4,6,افعالن
3,5,6,افتعلن
4,5,6,متفعلة
4,5,6,متفعلة
5,6,7,إستفعل
5,6,7,يستفعل
2,4,5,فاعلتن
2,3,4,فعلتما
4,5,6,انفعلت
3,4,5,تفعلنا
3,4,5,تفعلتم
3,4,5,تفعلتا
5,6,7,استفعل
3,4,5,افعللت
3,4,5,افعلتا
3,4,5,افعللن
3,4,6,افعالت
3,5,6,افتعلت
3,4,5,تفعلين
3,4,5,تفعلون
3,4,5,يفعلون
5,6,7,أستفعل
5,6,7,نستفعل
5,6,7,تستفعل
3,4,5,تفعلين
3,4,5,تفعلون
3,4,5,تفعللن
3,4,5,يفعلون
3,4,5,يفعللن
4,5,6,تتفعلي
4,5,6,تتفعلا
4,5,6,يتفعلا
3,5,6,أفاعلن
3,5,6,نفاعلن
3,5,6,تفاعلن
3,5,6,يفاعلن
3,4,5,أفعلان
2,4,5,فوعلتن
3,4,5,مفعلون
3,4,5,مفعلين
3,4,5,مفعلان
3,4,5,مفعلتا
3,4,5,مفعلات
3,4,5,مفعلون
3,4,5,مفعلين
4,5,6,منفعلة
4,5,6,منفعلة
4,5,6,متفعلا
5,6,7,مستفعل
5,6,7,مستفعل
3,4,5,مفعلون
3,4,5,مفعلين
3,4,5,مفعلتا
3,4,6,مفعالة
3,4,6,مفعالة
3,5,6,مفتعلة
3,5,6,مفتعلة
3,4,5,مفعلات
3,4,5,مفعلات
3,4,5,مفعلان
4,5,6,متفعلي
3,4,5,مفعلان
3,4,6,إفعالي
4,6,7,يتفاعل
2,3,4,فعلتما
3,4,5,أفعلنا
3,4,5,أفعلتم
3,4,5,أفعلتا
4,5,6,انفعلا
3,4,5,تفعلوا
3,5,6,تفاعلت
3,4,5,افعلوا
3,4,6,افعالا
3,5,6,افتعلا
4,6,7,أتفاعل
4,6,7,نتفاعل
4,6,7,تتفاعل
3,4,5,يفعلوا
4,5,6,تنفعلي
4,5,6,تنفعلا
4,5,6,ينفعلا
3,4,5,تفعلوا
3,4,5,يفعلوا
3,4,6,أفعالل
3,4,6,نفعالل
3,4,6,تفعالل
3,4,6,تفعالي
3,4,6,تفعالا
3,4,6,يفعالل
3,4,6,يفعالا
3,5,6,تفتعلي
3,5,6,تفتعلا
3,5,6,يفتعلا
4,5,6,انفعلي
3,4,6,افعالل
3,4,6,افعالي
3,5,6,افتعلي
2,4,5,فاعلان
2,4,5,فاعلون
2,4,5,فاعلين
2,4,5,فاعلان
2,4,5,فاعلات
2,3,5,فعالون
2,3,5,فعالين
2,3,5,فعالان
2,3,5,فعالتا
2,3,5,فعالات
2,3,5,فعيلون
2,3,5,فعيلين
2,3,5,فعيلان
2,3,5,فعيلتا
2,3,5,فعيلات
3,4,6,مفعيلة
2,3,4,فعلتان
3,4,5,مفعلوا
3,4,6,مفعولة
3,4,6,مفعولة
3,5,6,مفاعلة
3,5,6,مفاعلة
4,5,6,منفعلا
4,6,7,متفاعل
4,6,7,متفاعل
3,4,6,مفعالا
3,5,6,مفتعلا
4,5,6,منفعلي
3,4,6,مفعالي
3,5,6,مفتعلي
2,3,5,فعالون
2,3,5,فعالين
2,3,5,فعالات
3,5,6,مفتعلن
3,4,6,افعولل
2,4,6,فاعولة
2,4,5,فاعلنا
2,4,5,فاعلتم
2,4,5,فاعلتا
3,4,5,أفعلوا
3,5,6,تفاعلا
3,5,6,تفاعلي
3,5,6,يفاعلا
2,4,5,فوعلنا
2,4,5,فوعلتم
2,4,5,فوعلتا
2,4,5,فاعلون
2,4,5,فاعلين
2,4,5,فاعلات
3,4,5,مفعلوا
2,3,5,فعالوا
2,3,5,فعيلوا
3,4,6,مفعيلي
3,4,6,مفعيلا
2,3,5,فعيلون
2,3,5,فعيلين
2,3,5,فعيلان
2,3,5,فعيلتا
2,3,5,فعيلات
2,3,5,فعولون
2,3,5,فعولين
2,3,5,فعولان
2,3,5,فعولتا
2,3,5,فعولات
3,4,6,مفعولا
3,5,6,مفاعلا
3,4,6,مفعولي
3,5,6,مفاعلي
2,3,5,فعالون
2,3,5,فعالين
2,3,5,فعالون
2,3,5,فعالين
2,3,5,فعالتا
2,3,5,فعالات
2,3,5,فعالات
2,3,5,فعالان
5,6,7,استفعل
3,4,7,افعوعل
2,4,6,فاعولة
2,4,5,فاعلوا
2,4,5,فوعلوا
2,3,5,فعيلوا
2,3,5,فعولوا
3,5,7,افتعال
2,4,6,فاعولا
3,4,5,أفعلاء
3,5,7,أفاعيل
2,3,5,فعالية
2,3,5,فعولية
3,4,7,إفعوال
3,5,7,مفاعيل
2,3,7,فعاعيل
3,4,5,أفعلاء
5,6,7,إستفعل
5,6,7,استفعل
4,5,7,انفعال
3,5,7,افتعال
4,6,7,متفاعل
5,6,7,مستفعل
3,4,5,افعلال
3,5,7,افدعال
3,5,7,افطعال
3,5,7,افثعال
3,4,7,افعوعل
2,3,4,فعلتن
3,4,5,أفعلن
3,4,5,نفعلن
3,4,5,تفعلن
3,4,5,يفعلن
3,4,5,أفعلن
3,4,5,نفعلن
3,4,5,تفعلن
3,4,5,يفعلن
3,4,5,افعلن
4,5,6,متفعل
4,5,6,يتفعل
2,3,4,فعلتن
3,4,5,تفعلت
3,4,5,افعلت
4,5,6,أتفعل
4,5,6,نتفعل
4,5,6,تتفعل
2,3,4,فعلان
3,4,5,مفعلة
2,3,4,فعلية
3,4,5,مفعلة
4,5,6,متفعل
3,4,5,مفعلة
2,3,4,فعلية
4,5,6,إنفعل
4,5,6,ينفعل
3,4,6,إفعال
3,4,6,يفعال
3,4,5,أفعلت
2,3,4,فعلنا
2,3,4,فعلتم
2,3,4,فعلتا
4,5,6,انفعل
3,4,5,تفعلا
3,4,5,افعلا
3,4,6,افعال
3,5,6,افتعل
4,5,6,أنفعل
4,5,6,ننفعل
4,5,6,تنفعل
3,4,6,أفعال
3,4,6,نفعال
3,4,6,تفعال
3,5,6,أفتعل
3,5,6,نفتعل
3,5,6,تفتعل
3,5,6,يفتعل
3,4,5,تفعلي
3,4,5,يفعلا
3,4,5,أفعلل
3,4,5,نفعلل
3,4,5,تفعلل
3,4,5,تفعلي
3,4,5,تفعلا
3,4,5,يفعلل
3,4,5,يفعلا
3,4,5,افعلل
3,4,5,افعلي
2,4,5,فاعلن
2,4,5,فاعلة
2,3,5,فعالة
2,3,5,فعيلة
3,4,5,مفعلي
3,4,5,مفعلا
4,5,6,منفعل
4,5,6,منفعل
3,4,5,مفعلا
3,4,6,مفعال
3,4,6,مفعال
3,5,6,مفتعل
3,5,6,مفتعل
3,4,5,مفعلي
2,3,5,فعالة
2,3,4,فعلات
3,5,6,تفاعل
2,3,4,فعلنا
2,3,4,فعلتم
2,3,4,فعلتا
2,4,5,فاعلت
3,4,5,أفعلا
2,3,4,فعلوا
3,5,6,أفاعل
3,5,6,نفاعل
3,5,6,يفاعل
3,4,5,أفعلي
2,4,5,فوعلت
2,4,5,فوعلن
2,4,5,فاعلة
2,3,5,فعالا
2,3,5,فعالي
2,3,5,فعيلي
2,3,5,فعيلا
3,4,6,مفعيل
2,3,4,فعلات
2,3,4,فعلون
2,3,4,فعلين
2,3,4,فعلان
2,3,5,فعيلة
2,3,5,فعولة
3,4,6,مفعول
3,4,6,مفعول
3,5,6,مفاعل
3,5,6,مفاعل
2,3,5,فعالة
2,3,5,فعالة
2,3,5,فعالت
4,5,6,ستفعل
2,3,6,فعائل
2,3,4,فعلات
2,4,6,فاعول
2,5,6,فواعل
3,5,6,يفاعل
2,3,4,فعلوا
2,4,5,فاعلا
2,4,5,فاعلي
2,4,5,فوعلا
2,3,5,فعيلي
2,3,5,فعيلا
2,3,5,فعولي
2,3,5,فعولا
2,3,5,فعالا
2,3,5,فعالي
4,5,6,انفعل
3,5,6,افتعل
3,4,6,افعول
3,4,6,افعال
2,3,6,فعائل
3,4,6,تفعيل
2,4,6,فاعول
2,3,6,فعائل
2,5,6,فواعل
2,3,4,فعلاء
2,3,5,فعالى
2,3,5,فعالي
2,3,5,فعالة
3,5,6,افوعل
2,3,4,فعلية
3,5,6,افاعل
3,4,6,مفعال
3,4,6,افعول
3,4,6,مفعول
4,5,6,متفعل
3,4,6,افعال
3,4,5,أفعلة
3,4,6,أفعال
2,3,5,فعالة
3,5,6,مفاعل
2,3,4,فعلان
3,4,6,مفعول
2,3,4,فعلاء
3,4,5,مفعلة
2,4,5,فاعلة
2,4,6,فاعول
2,5,6,فواعل
2,3,6,فعائل
2,3,5,فعالى
3,5,6,تفاعل
4,5,6,إنفعل
3,5,6,إفتعل
2,3,4,فعلال
2,3,5,فعولة
2,3,5,فعيلة
3,4,6,تفعيل
3,4,6,تفعال
3,5,6,افتعل
4,5,6,انفعل
3,5,6,مفدعل
3,5,6,مفتعل
4,5,6,منفعل
3,4,6,مفعيل
3,5,6,إفثعل
3,5,6,افطعل
3,5,6,افدعل
3,5,6,مفثعل
3,5,6,مفطعل
2,3,5,فعالت
2,3,4,فعلن
3,4,5,يفعل
3,4,5,تفعل
3,4,5,إفعل
3,4,5,يفعل
2,3,4,فعلت
3,4,5,افعل
3,4,5,أفعل
3,4,5,نفعل
3,4,5,أفعل
3,4,5,نفعل
3,4,5,تفعل
3,4,5,مفعل
3,4,5,مفعل
3,4,5,مفعل
2,3,4,فعلت
2,3,4,فعلة
2,3,4,فعلن
2,3,4,فعلا
2,3,4,فعلي
2,4,5,فاعل
2,3,5,فعال
2,3,5,فعيل
2,3,5,فعال
2,3,4,فعلة
2,4,5,فاعل
2,3,4,فعلا
2,4,5,فوعل
2,3,4,فعلي
2,3,5,فعيل
2,3,5,فعول
2,3,5,فعال
2,3,5,فعال
3,4,5,افعل
3,4,5,أفعل
2,3,4,فعلة
2,3,4,فعلى
3,4,5,أفعل
2,3,5,فعال
3,4,5,تفعل
3,4,5,إفعل
2,3,5,فعول
3,4,5,افعل
3,4,5,مفعل
3,4,5,مفعل
2,3,5,فعيل
2,3,5,فعال
2,3,5,فعيل
2,3,4,فعلة
2,4,5,فاعل
2,3,5,فعول
3,4,5,أفعل
2,3,4,فعلى
2,4,5,فوعل
2,3,4,فعل
2,3,4,فعل
2,3,4,فعل
2,3,4,فعل