2,4,6,فِعْلَ
2,4,6,فَعَلْ
2,4,6,فَعَلْ
2,4,7,فَعَّلَ
4,6,9,مُفَعَّلَاتٌ
8,10,12,تَسْتَفْعِلْنَانِّ
8,10,12,يَسْتَفْعِلْنَانِّ
8,10,12,اِسْتَفْعِلْنَانِّ
8,10,12,تُسْتَفْعَلْنَانِّ
8,10,12,يُسْتَفْعَلْنَانِّ
8,10,12,اِسْتَفْعَلْتُمَا
8,10,12,اِسْتَفْعَلْتُمَا
8,10,12,اِسْتَفْعَلْتُنَّ
6,8,11,تَتَفَعَّلْنَانِّ
6,8,11,يَتَفَعَّلْنَانِّ
6,9,11,تَتَفَاعَلْنَانِّ
6,9,11,يَتَفَاعَلْنَانِّ
4,6,9,تَفْعَالِلْنَانِّ
4,6,9,يَفْعَالِلْنَانِّ
4,6,9,اِفْعَالِلْنَانِّ
6,8,11,تُتَفَعَّلْنَانِّ
6,8,11,يُتَفَعَّلْنَانِّ
6,9,11,تُتَفَاعَلْنَانِّ
6,9,11,يُتَفَاعَلْنَانِّ
4,6,9,تُفْعَالَلْنَانِّ
4,6,9,يُفْعَالَلْنَانِّ
8,10,12,مُسْتَفْعَلَتَانِ
10,12,3,مُسْتَفْعَلَتَانِ
4,6,9,إِفْعَالِيَّتَانِ
4,6,9,إِفْعَالِيَّتَانِ
4,6,9,اِفْعَالَلْتُمَا
4,6,9,اِفْعَالَلْتُمَا
4,6,9,اِفْعَالَلْتُنَّ
6,8,10,تَنْفَعِلْنَانِّ
6,8,10,يَنْفَعِلْنَانِّ
8,10,12,تَسْتَفْعِلَانِّ
8,10,12,تَسْتَفْعِلَانِّ
8,10,12,يَسْتَفْعِلَانِّ
8,10,12,تَسْتَفْعِلَانِّ
4,6,8,تَفْعَلِلْنَانِّ
4,6,8,يَفْعَلِلْنَانِّ
4,8,10,تَفْتَعِلْنَانِّ
4,8,10,يَفْتَعِلْنَانِّ
6,8,10,اِنْفَعِلْنَانِّ
8,10,12,اِسْتَفْعِلَانِّ
8,10,12,اِسْتَفْعِلَانِّ
4,6,8,اِفْعَلِلْنَانِّ
4,8,10,اِفْتَعِلْنَانِّ
6,8,10,تُنْفَعَلْنَانِّ
6,8,10,يُنْفَعَلْنَانِّ
8,10,12,تُسْتَفْعَلَانِّ
8,10,12,تُسْتَفْعَلَانِّ
8,10,12,يُسْتَفْعَلَانِّ
8,10,12,تُسْتَفْعَلَانِّ
4,6,8,تُفْعَلَلْنَانِّ
4,6,8,يُفْعَلَلْنَانِّ
4,8,10,تُفْتَعَلْنَانِّ
4,8,10,يُفْتَعَلْنَانِّ
6,8,11,مُتَفَعَّلَتَانِ
8,10,3,مُتَفَعَّلَتَانِ
6,9,11,مُتَفَاعَلَتَانِ
8,11,3,مُتَفَاعَلَتَانِ
6,8,10,اِنْفَعَلْتُمَا
6,8,10,اِنْفَعَلْتُمَا
6,8,10,اِنْفَعَلْتُنَّ
8,10,12,اِسْتَفْعَلْنَا
8,10,12,اِسْتَفْعَلْتُم
8,10,12,اِسْتَفْعَلَتَا
4,6,8,اِفْعَلَلْتُمَا
4,6,8,اِفْعَلَلْتُمَا
4,6,8,اِفْعَلَلْتُنَّ
4,8,10,اِفْتَعَلْتُمَا
4,8,10,اِفْتَعَلْتُمَا
4,8,10,اِفْتَعَلْتُنَّ
8,10,12,تَسْتَفْعِلِينَ
8,10,12,تَسْتَفْعِلَانِ
8,10,12,تَسْتَفْعِلَانِ
8,10,12,تَسْتَفْعِلُونَ
8,10,12,يَسْتَفْعِلَانِ
8,10,12,تَسْتَفْعِلَانِ
8,10,12,يَسْتَفْعِلُونَ
4,7,9,تُفَاعِلْنَانِّ
4,7,9,يُفَاعِلْنَانِّ
4,6,9,تُفَعِّلْنَانِّ
4,6,9,يُفَعِّلْنَانِّ
6,8,11,تَتَفَعَّلَانِّ
6,8,11,تَتَفَعَّلَانِّ
6,8,11,يَتَفَعَّلَانِّ
6,8,11,تَتَفَعَّلَانِّ
6,9,11,تَتَفَاعَلَانِّ
6,9,11,تَتَفَاعَلَانِّ
6,9,11,يَتَفَاعَلَانِّ
6,9,11,تَتَفَاعَلَانِّ
8,10,12,أَسْتَفْعِلَنَّ
8,10,12,نَسْتَفْعِلَنَّ
8,10,12,تَسْتَفْعِلَنَّ
8,10,12,تَسْتَفْعِلِنَّ
8,10,12,تَسْتَفْعِلُنَّ
8,10,12,يَسْتَفْعِلَنَّ
8,10,12,تَسْتَفْعِلَنَّ
8,10,12,يَسْتَفْعِلُنَّ
4,6,9,تَفَعَّلْنَانِّ
4,7,9,تَفَاعَلْنَانِّ
8,10,12,اِسْتَفْعِلَنَّ
8,10,12,اِسْتَفْعِلِنَّ
8,10,12,اِسْتَفْعِلُنَّ
6,8,10,اُنْفُعِلْتُمَا
6,8,10,اُنْفُعِلْتُمَا
6,8,10,اُنْفُعِلْتُنَّ
8,10,12,تُسْتَفْعَلِينَ
8,10,12,تُسْتَفْعَلَانِ
8,10,12,تُسْتَفْعَلَانِ
8,10,12,تُسْتَفْعَلُونَ
8,10,12,يُسْتَفْعَلَانِ
8,10,12,تُسْتَفْعَلَانِ
8,10,12,يُسْتَفْعَلُونَ
8,10,12,تُسْتَفْعَلِينَ
8,10,12,تُسْتَفْعَلَانِ
8,10,12,تُسْتَفْعَلَانِ
8,10,12,تُسْتَفْعَلُونَ
8,10,12,يُسْتَفْعَلَانِ
8,10,12,تُسْتَفْعَلَانِ
8,10,12,يُسْتَفْعَلُونَ
4,7,9,تُفَاعَلْنَانِّ
4,7,9,يُفَاعَلْنَانِّ
4,6,9,تُفَعَّلْنَانِّ
4,6,9,يُفَعَّلْنَانِّ
6,8,11,تُتَفَعَّلَانِّ
6,8,11,تُتَفَعَّلَانِّ
6,8,11,يُتَفَعَّلَانِّ
6,8,11,تُتَفَعَّلَانِّ
6,9,11,تُتَفَاعَلَانِّ
6,9,11,تُتَفَاعَلَانِّ
6,9,11,يُتَفَاعَلَانِّ
6,9,11,تُتَفَاعَلَانِّ
8,10,12,أُسْتَفْعَلَنَّ
8,10,12,نُسْتَفْعَلَنَّ
8,10,12,تُسْتَفْعَلَنَّ
8,10,12,تُسْتَفْعَلِنَّ
8,10,12,تُسْتَفْعَلُنَّ
8,10,12,يُسْتَفْعَلَنَّ
8,10,12,تُسْتَفْعَلَنَّ
8,10,12,يُسْتَفْعَلُنَّ
8,10,12,مُسْتَفْعَلُونَ
8,10,12,مُسْتَفْعَلِينَ
10,12,3,مُسْتَفْعَلُونَ
10,12,3,مُسْتَفْعَلِينَ
8,10,12,مُسْتَفْعَلَتَا
8,10,12,مُسْتَفْعَلَاتُ
10,12,3,مُسْتَفْعَلَاتُ
6,8,10,مُنْفَعَلَتَانِ
8,10,3,مُنْفَعَلَتَانِ
8,10,12,مُسْتَفْعَلَانِ
10,12,3,مُسْتَفْعَلَانِ
4,6,9,مُفْعَالَّتَانِ
6,8,3,مُفْعَالَّتَانِ
4,8,10,مُفْتَعَلَتَانِ
6,10,3,مُفْتَعَلَتَانِ
8,10,12,مُسْتَفْعَلَاتٌ
4,6,9,إِفْعَالِيُّونَ
4,6,9,إِفْعَالِيِّينَ
4,6,9,إِفْعَالِيُّونَ
4,6,9,إِفْعَالِيِّينَ
4,6,9,إِفْعَالِيَّانِ
4,6,9,إِفْعَالِيَّانِ
4,6,9,إِفْعَالِيَّتَا
4,6,9,إِفْعَالِيَّاتُ
4,6,9,إِفْعَالِيَّاتٌ
4,6,9,إِفْعَالِيَّاتَ
4,6,9,إِفْعَالِيَّاتُ
4,6,9,إِفْعَالِيَّاتِ
4,6,9,تَفَعَّلْتُمَا
4,6,9,تَفَعَّلْتُمَا
4,6,9,تَفَعَّلْتُنَّ
4,7,9,تَفَاعَلْتُمَا
4,7,9,تَفَاعَلْتُمَا
4,7,9,تَفَاعَلْتُنَّ
8,10,12,اِسْتَفْعَلْتُ
8,10,12,اِسْتَفْعَلْتَ
8,10,12,اِسْتَفْعَلْتِ
8,10,12,اِسْتَفْعَلَتْ
8,10,12,اِسْتَفْعَلُوا
8,10,12,اِسْتَفْعَلْنَ
4,6,9,اِفْعَالَلْنَا
4,6,9,اِفْعَالَلْتُم
6,8,11,تَتَفَعَّلِينَ
6,8,11,تَتَفَعَّلَانِ
6,8,11,تَتَفَعَّلَانِ
6,8,11,تَتَفَعَّلُونَ
6,8,11,يَتَفَعَّلَانِ
6,8,11,تَتَفَعَّلَانِ
6,8,11,يَتَفَعَّلُونَ
6,9,11,تَتَفَاعَلِينَ
6,9,11,تَتَفَاعَلَانِ
6,9,11,تَتَفَاعَلَانِ
6,9,11,تَتَفَاعَلُونَ
6,9,11,يَتَفَاعَلَانِ
6,9,11,تَتَفَاعَلَانِ
6,9,11,يَتَفَاعَلُونَ
8,10,12,تَسْتَفْعِلْنَ
8,10,12,يَسْتَفْعِلْنَ
8,10,12,تَسْتَفْعِلُوا
8,10,12,تَسْتَفْعِلْنَ
8,10,12,يَسْتَفْعِلُوا
8,10,12,يَسْتَفْعِلْنَ
8,10,12,تَسْتَفْعِلُوا
8,10,12,تَسْتَفْعِلْنَ
8,10,12,يَسْتَفْعِلُوا
8,10,12,يَسْتَفْعِلْنَ
4,6,8,تَفْعَلْنَانِّ
4,6,8,يَفْعَلْنَانِّ
4,6,8,تَفْعُلْنَانِّ
4,6,8,يَفْعُلْنَانِّ
4,6,8,تَفْعِلْنَانِّ
4,6,8,يَفْعِلْنَانِّ
4,6,8,تُفْعِلْنَانِّ
4,6,8,يُفْعِلْنَانِّ
6,8,10,تَنْفَعِلَانِّ
6,8,10,تَنْفَعِلَانِّ
6,8,10,يَنْفَعِلَانِّ
6,8,10,تَنْفَعِلَانِّ
6,8,11,أَتَفَعَّلَنَّ
6,8,11,نَتَفَعَّلَنَّ
6,8,11,تَتَفَعَّلَنَّ
6,8,11,تَتَفَعَّلِنَّ
6,8,11,تَتَفَعَّلُنَّ
6,8,11,يَتَفَعَّلَنَّ
6,8,11,تَتَفَعَّلَنَّ
6,8,11,يَتَفَعَّلُنَّ
6,9,11,أَتَفَاعَلَنَّ
6,9,11,نَتَفَاعَلَنَّ
6,9,11,تَتَفَاعَلَنَّ
6,9,11,تَتَفَاعَلِنَّ
6,9,11,تَتَفَاعَلُنَّ
6,9,11,يَتَفَاعَلَنَّ
6,9,11,تَتَفَاعَلَنَّ
6,9,11,يَتَفَاعَلُنَّ
4,6,9,تَفْعَالَّانِّ
4,6,9,تَفْعَالَّانِّ
4,6,9,يَفْعَالَّانِّ
4,6,9,تَفْعَالَّانِّ
4,8,10,تَفْتَعِلَانِّ
4,8,10,تَفْتَعِلَانِّ
4,8,10,يَفْتَعِلَانِّ
4,8,10,تَفْتَعِلَانِّ
8,10,12,اِسْتَفْعِلُوا
8,10,12,اِسْتَفْعِلْنَ
4,6,8,اِفْعَلْنَانِّ
4,6,8,اُفْعُلْنَانِّ
4,6,8,اِفْعِلْنَانِّ
4,6,8,أَفْعِلْنَانِّ
6,8,10,اِنْفَعِلَانِّ
6,8,10,اِنْفَعِلَانِّ
4,6,9,اِفْعَالَّانِّ
4,6,9,اِفْعَالَّانِّ
4,8,10,اِفْتَعِلَانِّ
4,8,10,اِفْتَعِلَانِّ
4,6,9,تُفُعِّلْتُمَا
4,6,9,تُفُعِّلْتُمَا
4,6,9,تُفُعِّلْتُنَّ
6,9,11,تُتَفَاعَلِينَ
6,9,11,تُتَفَاعَلَانِ
6,9,11,تُتَفَاعَلَانِ
6,9,11,تُتَفَاعَلُونَ
6,9,11,يُتَفَاعَلَانِ
6,9,11,تُتَفَاعَلَانِ
6,9,11,يُتَفَاعَلُونَ
8,10,12,تُسْتَفْعَلْنَ
8,10,12,يُسْتَفْعَلْنَ
6,8,11,تُتَفَعَّلِينَ
6,8,11,تُتَفَعَّلَانِ
6,8,11,تُتَفَعَّلَانِ
6,8,11,تُتَفَعَّلُونَ
6,8,11,يُتَفَعَّلَانِ
6,8,11,تُتَفَعَّلَانِ
6,8,11,يُتَفَعَّلُونَ
6,9,11,تُتَفَاعَلِينَ
6,9,11,تُتَفَاعَلَانِ
6,9,11,تُتَفَاعَلَانِ
6,9,11,تُتَفَاعَلُونَ
6,9,11,يُتَفَاعَلَانِ
6,9,11,تُتَفَاعَلَانِ
6,9,11,يُتَفَاعَلُونَ
8,10,12,تُسْتَفْعَلْنَ
8,10,12,يُسْتَفْعَلْنَ
8,10,12,تُسْتَفْعَلُوا
8,10,12,تُسْتَفْعَلْنَ
8,10,12,يُسْتَفْعَلُوا
8,10,12,يُسْتَفْعَلْنَ
8,10,12,تُسْتَفْعَلُوا
8,10,12,تُسْتَفْعَلْنَ
8,10,12,يُسْتَفْعَلُوا
8,10,12,يُسْتَفْعَلْنَ
4,6,8,تُفْعَلْنَانِّ
4,6,8,يُفْعَلْنَانِّ
4,6,8,تُفْعَلْنَانِّ
4,6,8,يُفْعَلْنَانِّ
4,6,8,تُفْعَلْنَانِّ
4,6,8,يُفْعَلْنَانِّ
4,6,8,تُفْعَلْنَانِّ
4,6,8,يُفْعَلْنَانِّ
6,8,10,تُنْفَعَلَانِّ
6,8,10,تُنْفَعَلَانِّ
6,8,10,يُنْفَعَلَانِّ
6,8,10,تُنْفَعَلَانِّ
6,8,11,أُتَفَعَّلَنَّ
6,8,11,نُتَفَعَّلَنَّ
6,8,11,تُتَفَعَّلَنَّ
6,8,11,تُتَفَعَّلِنَّ
6,8,11,تُتَفَعَّلُنَّ
6,8,11,يُتَفَعَّلَنَّ
6,8,11,تُتَفَعَّلَنَّ
6,8,11,يُتَفَعَّلُنَّ
6,9,11,أُتَفَاعَلَنَّ
6,9,11,نُتَفَاعَلَنَّ
6,9,11,تُتَفَاعَلَنَّ
6,9,11,تُتَفَاعَلِنَّ
6,9,11,تُتَفَاعَلُنَّ
6,9,11,يُتَفَاعَلَنَّ
6,9,11,تُتَفَاعَلَنَّ
6,9,11,يُتَفَاعَلُنَّ
4,6,9,تُفْعَالَّانِّ
4,6,9,تُفْعَالَّانِّ
4,6,9,يُفْعَالَّانِّ
4,6,9,تُفْعَالَّانِّ
4,8,10,تُفْتَعَلَانِّ
4,8,10,تُفْتَعَلَانِّ
4,8,10,يُفْتَعَلَانِّ
4,8,10,تُفْتَعَلَانِّ
4,6,9,مِفْعَالَتَانِ
4,6,9,مِفْعِيلَتَانِ
4,6,9,مُفَعِّلَتَانِ
6,8,11,مُتَفَعَّلُونَ
6,8,11,مُتَفَعَّلِينَ
8,10,3,مُتَفَعَّلُونَ
8,10,3,مُتَفَعَّلِينَ
6,8,11,مُتَفَعَّلَتَا
6,9,11,مُتَفَاعَلُونَ
6,9,11,مُتَفَاعَلِينَ
8,11,3,مُتَفَاعَلُونَ
8,11,3,مُتَفَاعَلِينَ
6,9,11,مُتَفَاعَلَتَا
8,10,12,مُسْتَفْعَلَةَ
10,12,3,مُسْتَفْعَلَةَ
6,8,11,مُتَفَعَّلَاتُ
8,10,3,مُتَفَعَّلَاتُ
6,9,11,مُتَفَاعَلَاتُ
8,11,3,مُتَفَاعَلَاتُ
8,10,12,مُسْتَفْعَلَةُ
10,12,3,مُسْتَفْعَلَةُ
4,6,9,مَفْعُولَتَانِ
6,8,3,مَفْعُولَتَانِ
4,7,9,مُفَاعَلَتَانِ
6,9,3,مُفَاعَلَتَانِ
4,6,9,مُفَعَّلَتَانِ
6,8,11,مُتَفَعَّلَانِ
8,10,3,مُتَفَعَّلَانِ
6,9,11,مُتَفَاعَلَانِ
8,10,12,مُسْتَفْعَلَةِ
4,6,8,مُفْعَلَّتَانِ
8,10,12,مُسْتَفْعَلَةً
6,8,11,مُتَفَعَّلَاتٌ
6,9,11,مُتَفَاعَلَاتٌ
8,10,12,مُسْتَفْعَلَةٌ
8,10,12,مُسْتَفْعَلَةٍ
4,6,9,إِفْعَالِيَّةَ
4,6,9,إِفْعَالِيَّةُ
4,6,9,إِفْعَالِيَّةِ
4,6,9,إِفْعَالِيَّةً
4,6,9,إِفْعَالِيَّةٌ
4,6,9,إِفْعَالِيَّةٍ
4,6,9,إِفْعَالِيَّةَ
4,6,9,إِفْعَالِيَّةُ
4,6,9,إِفْعَالِيَّةِ
4,6,8,أَفْعَلْتُمَا
4,6,8,أَفْعَلْتُمَا
4,6,8,أَفْعَلْتُنَّ
6,8,10,اِنْفَعَلْنَا
6,8,10,اِنْفَعَلْتُم
6,8,10,اِنْفَعَلَتَا
8,10,12,اِسْتَفْعَلَا
4,6,8,اِفْعَلَلْنَا
4,6,8,اِفْعَلَلْتُم
4,6,9,اِفْعَالَلْتُ
4,6,9,اِفْعَالَلْتَ
4,6,9,اِفْعَالَلْتِ
4,6,9,اِفْعَالَّتَا
4,6,9,اِفْعَالَلْنَ
4,8,10,اِفْتَعَلْنَا
4,8,10,اِفْتَعَلْتُم
4,8,10,اِفْتَعَلَتَا
6,8,10,تَنْفَعِلِينَ
6,8,10,تَنْفَعِلَانِ
6,8,10,تَنْفَعِلَانِ
6,8,10,تَنْفَعِلُونَ
6,8,10,يَنْفَعِلَانِ
6,8,10,تَنْفَعِلَانِ
6,8,10,يَنْفَعِلُونَ
6,8,11,تَتَفَعَّلْنَ
6,8,11,يَتَفَعَّلْنَ
6,9,11,تَتَفَاعَلْنَ
6,9,11,يَتَفَاعَلْنَ
4,6,9,تَفْعَالِّينَ
4,6,9,تَفْعَالَّانِ
4,6,9,تَفْعَالَّانِ
4,6,9,تَفْعَالُّونَ
4,6,9,تَفْعَالِلْنَ
4,6,9,يَفْعَالَّانِ
4,6,9,تَفْعَالَّانِ
4,6,9,يَفْعَالُّونَ
4,6,9,يَفْعَالِلْنَ
4,8,10,تَفْتَعِلِينَ
4,8,10,تَفْتَعِلَانِ
4,8,10,تَفْتَعِلَانِ
4,8,10,تَفْتَعِلُونَ
4,8,10,يَفْتَعِلَانِ
4,8,10,تَفْتَعِلَانِ
4,8,10,يَفْتَعِلُونَ
6,8,11,تَتَفَعَّلُوا
6,8,11,تَتَفَعَّلْنَ
6,8,11,يَتَفَعَّلُوا
6,8,11,يَتَفَعَّلْنَ
6,9,11,تَتَفَاعَلُوا
6,9,11,تَتَفَاعَلْنَ
6,9,11,يَتَفَاعَلُوا
6,9,11,يَتَفَاعَلْنَ
8,10,12,تَسْتَفْعِلِي
8,10,12,تَسْتَفْعِلَا
8,10,12,تَسْتَفْعِلَا
8,10,12,يَسْتَفْعِلَا
8,10,12,تَسْتَفْعِلَا
4,6,9,تَفْعَالِلْنَ
4,6,9,يَفْعَالِلْنَ
6,8,11,تَتَفَعَّلُوا
6,8,11,تَتَفَعَّلْنَ
6,8,11,يَتَفَعَّلُوا
6,8,11,يَتَفَعَّلْنَ
6,9,11,تَتَفَاعَلُوا
6,9,11,تَتَفَاعَلْنَ
6,9,11,يَتَفَاعَلُوا
6,9,11,يَتَفَاعَلْنَ
8,10,12,تَسْتَفْعِلِي
8,10,12,تَسْتَفْعِلَا
8,10,12,تَسْتَفْعِلَا
8,10,12,يَسْتَفْعِلَا
8,10,12,تَسْتَفْعِلَا
4,6,9,تَفْعَالِلْنَ
4,6,9,يَفْعَالِلْنَ
4,7,9,تُفَاعِلَانِّ
4,7,9,تُفَاعِلَانِّ
4,7,9,يُفَاعِلَانِّ
4,7,9,تُفَاعِلَانِّ
4,6,9,تُفَعِّلَانِّ
4,6,9,تُفَعِّلَانِّ
4,6,9,يُفَعِّلَانِّ
4,6,9,تُفَعِّلَانِّ
6,8,10,أَنْفَعِلَنَّ
6,8,10,نَنْفَعِلَنَّ
6,8,10,تَنْفَعِلَنَّ
6,8,10,تَنْفَعِلِنَّ
6,8,10,تَنْفَعِلُنَّ
6,8,10,يَنْفَعِلَنَّ
6,8,10,تَنْفَعِلَنَّ
6,8,10,يَنْفَعِلُنَّ
4,6,8,تَفْعَلَّانِّ
4,6,8,تَفْعَلَّانِّ
4,6,8,يَفْعَلَّانِّ
4,6,8,تَفْعَلَّانِّ
4,6,9,أَفْعَالَّنَّ
4,6,9,نَفْعَالَّنَّ
4,6,9,تَفْعَالَّنَّ
4,6,9,تَفْعَالِّنَّ
4,6,9,تَفْعَالُّنَّ
4,6,9,يَفْعَالَّنَّ
4,6,9,تَفْعَالَّنَّ
4,6,9,يَفْعَالُّنَّ
4,8,10,أَفْتَعِلَنَّ
4,8,10,نَفْتَعِلَنَّ
4,8,10,تَفْتَعِلَنَّ
4,8,10,تَفْتَعِلِنَّ
4,8,10,تَفْتَعِلُنَّ
4,8,10,يَفْتَعِلَنَّ
4,8,10,تَفْتَعِلَنَّ
4,8,10,يَفْتَعِلُنَّ
8,10,12,اِسْتَفْعِلِي
8,10,12,اِسْتَفْعِلَا
8,10,12,اِسْتَفْعِلَا
4,6,9,اِفْعَالِلْنَ
2,5,7,فَاعِلْنَانِّ
2,4,7,فَعِّلْنَانِّ
6,8,10,اِنْفَعِلَنَّ
6,8,10,اِنْفَعِلِنَّ
6,8,10,اِنْفَعِلُنَّ
4,6,9,تَفَعَّلَانِّ
4,6,9,تَفَعَّلَانِّ
4,7,9,تَفَاعَلَانِّ
4,7,9,تَفَاعَلَانِّ
4,6,8,اِفْعَلَّانِّ
4,6,8,اِفْعَلَّانِّ
4,6,9,اِفْعَالَّنَّ
4,6,9,اِفْعَالِّنَّ
4,6,9,اِفْعَالُّنَّ
4,8,10,اِفْتَعِلَنَّ
4,8,10,اِفْتَعِلِنَّ
4,8,10,اِفْتَعِلُنَّ
4,6,8,أُفْعِلْتُمَا
4,6,8,أُفْعِلْتُمَا
4,6,8,أُفْعِلْتُنَّ
6,8,10,اُنْفُعِلْنَا
6,8,10,اُنْفُعِلْتُم
6,8,10,اُنْفُعِلَتَا
6,9,11,تُتَفَاعَلْنَ
6,9,11,يُتَفَاعَلْنَ
4,6,9,تُفْعَالِّينَ
4,6,9,تُفْعَالَّانِ
4,6,9,تُفْعَالَّانِ
4,6,9,تُفْعَالُّونَ
4,6,9,تُفْعَالَلْنَ
4,6,9,يُفْعَالَّانِ
4,6,9,تُفْعَالَّانِ
4,6,9,يُفْعَالُّونَ
4,6,9,يُفْعَالَلْنَ
4,8,10,تُفْتَعَلِينَ
4,8,10,تُفْتَعَلَانِ
4,8,10,تُفْتَعَلَانِ
4,8,10,تُفْتَعَلُونَ
4,8,10,يُفْتَعَلَانِ
4,8,10,تُفْتَعَلَانِ
4,8,10,يُفْتَعَلُونَ
6,8,10,تُنْفَعَلِينَ
6,8,10,تُنْفَعَلَانِ
6,8,10,تُنْفَعَلَانِ
6,8,10,تُنْفَعَلُونَ
6,8,10,يُنْفَعَلَانِ
6,8,10,تُنْفَعَلَانِ
6,8,10,يُنْفَعَلُونَ
6,8,11,تُتَفَعَّلْنَ
6,8,11,يُتَفَعَّلْنَ
6,9,11,تُتَفَاعَلْنَ
6,9,11,يُتَفَاعَلْنَ
4,6,9,تُفْعَالِّينَ
4,6,9,تُفْعَالَّانِ
4,6,9,تُفْعَالَّانِ
4,6,9,تُفْعَالُّونَ
4,6,9,تُفْعَالَلْنَ
4,6,9,يُفْعَالَّانِ
4,6,9,تُفْعَالَّانِ
4,6,9,يُفْعَالُّونَ
4,6,9,يُفْعَالَلْنَ
4,8,10,تُفْتَعَلِينَ
4,8,10,تُفْتَعَلَانِ
4,8,10,تُفْتَعَلَانِ
4,8,10,تُفْتَعَلُونَ
4,8,10,يُفْتَعَلَانِ
4,8,10,تُفْتَعَلَانِ
4,8,10,يُفْتَعَلُونَ
6,8,11,تُتَفَعَّلُوا
6,8,11,تُتَفَعَّلْنَ
6,8,11,يُتَفَعَّلُوا
6,8,11,يُتَفَعَّلْنَ
6,9,11,تُتَفَاعَلُوا
6,9,11,تُتَفَاعَلْنَ
6,9,11,يُتَفَاعَلُوا
6,9,11,يُتَفَاعَلْنَ
8,10,12,تُسْتَفْعَلِي
8,10,12,تُسْتَفْعَلَا
8,10,12,تُسْتَفْعَلَا
8,10,12,يُسْتَفْعَلَا
8,10,12,تُسْتَفْعَلَا
4,6,9,تُفْعَالَلْنَ
4,6,9,يُفْعَالَلْنَ
6,8,11,تُتَفَعَّلُوا
6,8,11,تُتَفَعَّلْنَ
6,8,11,يُتَفَعَّلُوا
6,8,11,يُتَفَعَّلْنَ
6,9,11,تُتَفَاعَلُوا
6,9,11,تُتَفَاعَلْنَ
6,9,11,يُتَفَاعَلُوا
6,9,11,يُتَفَاعَلْنَ
8,10,12,تُسْتَفْعَلِي
8,10,12,تُسْتَفْعَلَا
8,10,12,تُسْتَفْعَلَا
8,10,12,يُسْتَفْعَلَا
8,10,12,تُسْتَفْعَلَا
4,6,9,تُفْعَالَلْنَ
4,6,9,يُفْعَالَلْنَ
4,7,9,تُفَاعَلَانِّ
4,7,9,تُفَاعَلَانِّ
4,7,9,يُفَاعَلَانِّ
4,7,9,تُفَاعَلَانِّ
4,6,9,تُفَعَّلَانِّ
4,6,9,تُفَعَّلَانِّ
4,6,9,يُفَعَّلَانِّ
4,6,9,تُفَعَّلَانِّ
6,8,10,أُنْفَعَلَنَّ
6,8,10,نُنْفَعَلَنَّ
6,8,10,تُنْفَعَلَنَّ
6,8,10,تُنْفَعَلِنَّ
6,8,10,تُنْفَعَلُنَّ
6,8,10,يُنْفَعَلَنَّ
6,8,10,تُنْفَعَلَنَّ
6,8,10,يُنْفَعَلُنَّ
4,6,8,تُفْعَلَّانِّ
4,6,8,تُفْعَلَّانِّ
4,6,8,يُفْعَلَّانِّ
4,6,8,تُفْعَلَّانِّ
4,6,9,أُفْعَالَّنَّ
4,6,9,نُفْعَالَّنَّ
4,6,9,تُفْعَالَّنَّ
4,6,9,تُفْعَالِّنَّ
4,6,9,تُفْعَالُّنَّ
4,6,9,يُفْعَالَّنَّ
4,6,9,تُفْعَالَّنَّ
4,6,9,يُفْعَالُّنَّ
4,8,10,أُفْتَعَلَنَّ
4,8,10,نُفْتَعَلَنَّ
4,8,10,تُفْتَعَلَنَّ
4,8,10,تُفْتَعَلِنَّ
4,8,10,تُفْتَعَلُنَّ
4,8,10,يُفْتَعَلَنَّ
4,8,10,تُفْتَعَلَنَّ
4,8,10,يُفْتَعَلُنَّ
2,6,8,فَّاعِلَتَانِ
4,6,8,مُفْعِلَتَانِ
2,4,8,فَعَّالَتَانِ
2,4,8,فَعَّالَتَانِ
2,4,8,فِعِّيلَتَانِ
6,8,10,مُنْفَعَلُونَ
6,8,10,مُنْفَعَلِينَ
8,10,3,مُنْفَعَلُونَ
8,10,3,مُنْفَعَلِينَ
6,8,10,مُنْفَعَلَتَا
6,8,11,مُتَفَعَّلَةَ
8,10,3,مُتَفَعَّلَةَ
6,9,11,مُتَفَاعَلَةَ
8,11,3,مُتَفَاعَلَةَ
8,10,12,مُسْتَفْعَلَا
4,6,9,مُفْعَالُّونَ
4,6,9,مُفْعَالِّينَ
6,8,3,مُفْعَالُّونَ
6,8,3,مُفْعَالِّينَ
4,6,9,مُفْعَالَّتَا
4,8,10,مُفْتَعَلُونَ
4,8,10,مُفْتَعَلِينَ
6,10,3,مُفْتَعَلُونَ
6,10,3,مُفْتَعَلِينَ
4,8,10,مُفْتَعَلَتَا
6,8,10,مُنْفَعَلَاتُ
8,10,3,مُنْفَعَلَاتُ
6,8,11,مُتَفَعَّلَةُ
8,10,3,مُتَفَعَّلَةُ
6,9,11,مُتَفَاعَلَةُ
8,11,3,مُتَفَاعَلَةُ
4,6,9,مُفْعَالَّاتُ
6,8,3,مُفْعَالَّاتُ
4,8,10,مُفْتَعَلَاتُ
6,10,3,مُفْتَعَلَاتُ
4,6,8,مُفْعَلَتَانِ
6,8,3,مُفْعَلَتَانِ
6,8,10,مُنْفَعَلَانِ
8,10,3,مُنْفَعَلَانِ
6,8,11,مُتَفَعَّلَةِ
8,10,3,مُتَفَعَّلَةِ
6,9,11,مُتَفَاعَلَةِ
8,11,3,مُتَفَاعَلَةِ
8,10,12,مُسْتَفْعَلِي
4,6,9,مُفْعَالَّانِ
6,8,3,مُفْعَالَّانِ
4,8,10,مُفْتَعَلَانِ
6,10,3,مُفْتَعَلُانِ
6,8,11,مُتَفَعَّلَةً
6,9,11,مُتَفَاعَلَةً
8,10,12,مُسْتَفْعَلًا
6,8,10,مُنْفَعَلَاتٌ
6,8,11,مُتَفَعَّلَةٌ
6,9,11,مُتَفَاعَلَةٌ
4,6,9,مُفْعَالَّاتٌ
4,8,10,مُفْتَعَلَاتٌ
6,8,11,مُتَفَعَّلَةٍ
6,9,11,مُتَفَاعَلَةٍ
4,7,3,فِّعَالُلَانِ
4,7,3,فِّعَالَتَانِ
4,6,9,إِفْعَالِيًّا
4,6,9,إِفْعَالِيِّي
4,6,9,إِفْعَالِيَّا
4,6,8,مِفْعَلَتَانِ
4,6,8,مِفْعَلَتَانِ
8,10,12,إِسْتَفْعَلَ
8,10,12,يَسْتَفْعِلُ
8,10,12,إِسْتَفْعِلْ
2,5,7,فَاعَلْتُمَا
2,5,7,فَاعَلْتُمَا
2,5,7,فَاعَلْتُنَّ
2,4,7,فَعَّلْتُمَا
2,4,7,فَعَّلْتُمَا
2,4,7,فَعَّلْتُنَّ
6,8,10,اِنْفَعَلْتُ
6,8,10,اِنْفَعَلْتَ
6,8,10,اِنْفَعَلْتِ
6,8,10,اِنْفَعَلَتْ
6,8,10,اِنْفَعَلُوا
6,8,10,اِنْفَعَلْنَ
4,6,9,تَفَعَّلْنَا
4,6,9,تَفَعَّلْتُم
4,6,9,تَفَعَّلَتَا
4,7,9,تَفَاعَلْنَا
4,7,9,تَفَاعَلْتُم
4,7,9,تَفَاعَلَتَا
8,10,12,اِسْتَفْعَلَ
4,6,8,اِفْعَلَلْتُ
4,6,8,اِفْعَلَلْتَ
4,6,8,اِفْعَلَلْتِ
4,6,8,اِفْعَلَّتَا
4,6,8,اِفْعَلَلْنَ
4,6,9,اِفْعَالَّتْ
4,6,9,اِفْعَالُّوا
4,8,10,اِفْتَعَلْتُ
4,8,10,اِفْتَعَلْتَ
4,8,10,اِفْتَعَلْتِ
4,8,10,اِفْتَعَلَتْ
4,8,10,اِفْتَعَلُوا
4,8,10,اِفْتَعَلْنَ
4,7,9,تُفَاعِلِينَ
4,7,9,تُفَاعِلَانِ
4,7,9,تُفَاعِلَانِ
4,7,9,تُفَاعِلُونَ
4,7,9,يُفَاعِلَانِ
4,7,9,تُفَاعِلَانِ
4,7,9,يُفَاعِلُونَ
4,6,9,تُفَعِّلِينَ
4,6,9,تُفَعِّلَانِ
4,6,9,تُفَعِّلَانِ
4,6,9,تُفَعِّلُونَ
4,6,9,يُفَعِّلَانِ
4,6,9,تُفَعِّلَانِ
4,6,9,يُفَعِّلُونَ
6,8,10,تَنْفَعِلْنَ
6,8,10,يَنْفَعِلْنَ
8,10,12,أَسْتَفْعِلُ
8,10,12,نَسْتَفْعِلُ
8,10,12,تَسْتَفْعِلُ
8,10,12,يَسْتَفْعِلُ
8,10,12,تَسْتَفْعِلُ
4,6,8,تَفْعَلِّينَ
4,6,8,تَفْعَلَّانِ
4,6,8,تَفْعَلَّانِ
4,6,8,تَفْعَلُّونَ
4,6,8,تَفْعَلِلْنَ
4,6,8,يَفْعَلَّانِ
4,6,8,تَفْعَلَّانِ
4,6,8,يَفْعَلُّونَ
4,6,8,يَفْعَلِلْنَ
4,8,10,تَفْتَعِلْنَ
4,8,10,يَفْتَعِلْنَ
6,8,10,تَنْفَعِلُوا
6,8,10,تَنْفَعِلْنَ
6,8,10,يَنْفَعِلُوا
6,8,10,يَنْفَعِلْنَ
6,8,11,تَتَفَعَّلِي
6,8,11,تَتَفَعَّلَا
6,8,11,تَتَفَعَّلَا
6,8,11,يَتَفَعَّلَا
6,8,11,تَتَفَعَّلَا
6,9,11,تَتَفَاعَلِي
6,9,11,تَتَفَاعَلَا
6,9,11,تَتَفَاعَلَا
6,9,11,يَتَفَاعَلَا
6,9,11,تَتَفَاعَلَا
8,10,12,أَسْتَفْعِلْ
8,10,12,نَسْتَفْعِلْ
8,10,12,تَسْتَفْعِلْ
8,10,12,يَسْتَفْعِلْ
8,10,12,تَسْتَفْعِلْ
4,6,8,تَفْعَلِلْنَ
4,6,8,يَفْعَلِلْنَ
4,6,9,تَفْعَالُّوا
4,6,9,يَفْعَالُّوا
4,8,10,تَفْتَعِلُوا
4,8,10,تَفْتَعِلْنَ
4,8,10,يَفْتَعِلُوا
4,8,10,يَفْتَعِلْنَ
6,8,10,تَنْفَعِلُوا
6,8,10,تَنْفَعِلْنَ
6,8,10,يَنْفَعِلُوا
6,8,10,يَنْفَعِلْنَ
6,8,11,تَتَفَعَّلِي
6,8,11,تَتَفَعَّلَا
6,8,11,تَتَفَعَّلَا
6,8,11,يَتَفَعَّلَا
6,8,11,تَتَفَعَّلَا
6,9,11,تَتَفَاعَلِي
6,9,11,تَتَفَاعَلَا
6,9,11,تَتَفَاعَلَا
6,9,11,يَتَفَاعَلَا
6,9,11,تَتَفَاعَلَا
8,10,12,أَسْتَفْعِلَ
8,10,12,نَسْتَفْعِلَ
8,10,12,تَسْتَفْعِلَ
8,10,12,يَسْتَفْعِلَ
8,10,12,تَسْتَفْعِلَ
4,6,8,تَفْعَلِلْنَ
4,6,8,يَفْعَلِلْنَ
4,6,9,تَفْعَالُّوا
4,6,9,يَفْعَالُّوا
4,8,10,تَفْتَعِلُوا
4,8,10,تَفْتَعِلْنَ
4,8,10,يَفْتَعِلُوا
4,8,10,يَفْتَعِلْنَ
4,6,8,تَفْعَلَانِّ
4,6,8,تَفْعَلَانِّ
4,6,8,يَفْعَلَانِّ
4,6,8,تَفْعَلَانِّ
4,6,8,تَفْعُلَانِّ
4,6,8,تَفْعُلَانِّ
4,6,8,يَفْعُلَانِّ
4,6,8,تَفْعُلَانِّ
4,6,8,تَفْعِلَانِّ
4,6,8,تَفْعِلَانِّ
4,6,8,يَفْعِلَانِّ
4,6,8,تَفْعِلَانِّ
4,7,9,أُفَاعِلَنَّ
4,7,9,نُفَاعِلَنَّ
4,7,9,تُفَاعِلَنَّ
4,7,9,تُفَاعِلِنَّ
4,7,9,تُفَاعِلُنَّ
4,7,9,يُفَاعِلَنَّ
4,7,9,تُفَاعِلَنَّ
4,7,9,يُفَاعِلُنَّ
4,6,8,تُفْعِلَانِّ
4,6,8,تُفْعِلَانِّ
4,6,8,يُفْعِلَانِّ
4,6,8,تُفْعِلَانِّ
4,6,9,أُفَعِّلَنَّ
4,6,9,نُفَعِّلَنَّ
4,6,9,تُفَعِّلَنَّ
4,6,9,تُفَعِّلِنَّ
4,6,9,تُفَعِّلُنَّ
4,6,9,يُفَعِّلَنَّ
4,6,9,تُفَعِّلَنَّ
4,6,9,يُفَعِّلُنَّ
4,6,8,أَفْعَلَّنَّ
4,6,8,نَفْعَلَّنَّ
4,6,8,تَفْعَلَّنَّ
4,6,8,تَفْعَلِّنَّ
4,6,8,تَفْعَلُّنَّ
4,6,8,يَفْعَلَّنَّ
4,6,8,تَفْعَلَّنَّ
4,6,8,يَفْعَلُّنَّ
6,8,10,اِنْفَعِلُوا
6,8,10,اِنْفَعِلْنَ
8,10,12,اِسْتَفْعِلْ
4,6,8,اِفْعَلِلْنَ
4,6,9,اِفْعَالُّوا
4,8,10,اِفْتَعِلُوا
4,8,10,اِفْتَعِلْنَ
4,6,8,اِفْعَلَانِّ
4,6,8,اِفْعَلَانِّ
4,6,8,اُفْعُلَانِّ
4,6,8,اُفْعُلَانِّ
4,6,8,اِفْعِلَانِّ
4,6,8,اِفْعِلَانِّ
4,6,8,أَفْعِلَانِّ
4,6,8,أَفْعِلَانِّ
4,6,9,تَفَعَّلَنَّ
4,6,9,تَفَعَّلِنَّ
4,6,9,تَفَعَّلُنَّ
4,7,9,تَفَاعَلَنَّ
4,7,9,تَفَاعَلِنَّ
4,7,9,تَفَاعَلُنَّ
4,6,8,اِفْعَلَّنَّ
4,6,8,اِفْعَلِّنَّ
4,6,8,اِفْعَلُّنَّ
2,5,7,فُوعِلْتُمَا
2,5,7,فُوعِلْتُمَا
2,5,7,فُوعِلْتُنَّ
2,4,7,فُعِّلْتُمَا
2,4,7,فُعِّلْتُمَا
2,4,7,فُعِّلْتُنَّ
6,8,10,اُنْفُعِلْتُ
6,8,10,اُنْفُعِلْتَ
6,8,10,اُنْفُعِلْتِ
6,8,10,اُنْفُعِلَتْ
6,8,10,اُنْفُعِلُوا
6,8,10,اُنْفُعِلْنَ
4,6,9,تُفُعِّلْنَا
4,6,9,تُفُعِّلْتُم
4,6,9,تُفُعِّلَتَا
8,10,12,أُسْتَفْعَلُ
8,10,12,نُسْتَفْعَلُ
8,10,12,تُسْتَفْعَلُ
8,10,12,يُسْتَفْعَلُ
8,10,12,تُسْتَفْعَلُ
4,6,8,تُفْعَلِّينَ
4,6,8,تُفْعَلَّانِ
4,6,8,تُفْعَلَّانِ
4,6,8,تُفْعَلُّونَ
4,6,8,تُفْعَلَلْنَ
4,6,8,يُفْعَلَّانِ
4,6,8,تُفْعَلَّانِ
4,6,8,يُفْعَلُّونَ
4,6,8,يُفْعَلَلْنَ
4,8,10,تُفْتَعَلْنَ
4,8,10,يُفْتَعَلْنَ
4,7,9,تُفَاعَلِينَ
4,7,9,تُفَاعَلَانِ
4,7,9,تُفَاعَلَانِ
4,7,9,تُفَاعَلُونَ
4,7,9,يُفَاعَلَانِ
4,7,9,تُفَاعَلَانِ
4,7,9,يُفَاعَلُونَ
4,6,9,تُفَعَّلِينَ
4,6,9,تُفَعَّلَانِ
4,6,9,تُفَعَّلَانِ
4,6,9,تُفَعَّلُونَ
4,6,9,يُفَعَّلَانِ
4,6,9,تُفَعَّلَانِ
4,6,9,يُفَعَّلُونَ
6,8,10,تُنْفَعَلْنَ
6,8,10,يُنْفَعَلْنَ
8,10,12,أُسْتَفْعَلُ
8,10,12,نُسْتَفْعَلُ
8,10,12,تُسْتَفْعَلُ
8,10,12,يُسْتَفْعَلُ
8,10,12,تُسْتَفْعَلُ
4,6,8,تُفْعَلِّينَ
4,6,8,تُفْعَلَّانِ
4,6,8,تُفْعَلَّانِ
4,6,8,تُفْعَلُّونَ
4,6,8,تُفْعَلَلْنَ
4,6,8,يُفْعَلَّانِ
4,6,8,تُفْعَلَّانِ
4,6,8,يُفْعَلُّونَ
4,6,8,يُفْعَلَلْنَ
4,8,10,تُفْتَعَلْنَ
4,8,10,يُفْتَعَلْنَ
6,8,10,تُنْفَعَلُوا
6,8,10,تُنْفَعَلْنَ
6,8,10,يُنْفَعَلُوا
6,8,10,يُنْفَعَلْنَ
6,8,11,تُتَفَعَّلِي
6,8,11,تُتَفَعَّلَا
6,8,11,تُتَفَعَّلَا
6,8,11,يُتَفَعَّلَا
6,8,11,تُتَفَعَّلَا
6,9,11,تُتَفَاعَلِي
6,9,11,تُتَفَاعَلَا
6,9,11,تُتَفَاعَلَا
6,9,11,يُتَفَاعَلَا
6,9,11,تُتَفَاعَلَا
8,10,12,أُسْتَفْعَلْ
8,10,12,نُسْتَفْعَلْ
8,10,12,تُسْتَفْعَلْ
8,10,12,يُسْتَفْعَلْ
8,10,12,تُسْتَفْعَلْ
4,6,8,تُفْعَلَلْنَ
4,6,8,يُفْعَلَلْنَ
4,6,9,تُفْعَالُّوا
4,6,9,يُفْعَالُّوا
4,8,10,تُفْتَعَلُوا
4,8,10,تُفْتَعَلْنَ
4,8,10,يُفْتَعَلُوا
4,8,10,يُفْتَعَلْنَ
6,8,10,تُنْفَعَلُوا
6,8,10,تُنْفَعَلْنَ
6,8,10,يُنْفَعَلُوا
6,8,10,يُنْفَعَلْنَ
6,8,11,تُتَفَعَّلِي
6,8,11,تُتَفَعَّلَا
6,8,11,تُتَفَعَّلَا
6,8,11,يُتَفَعَّلَا
6,8,11,تُتَفَعَّلَا
6,9,11,تُتَفَاعَلِي
6,9,11,تُتَفَاعَلَا
6,9,11,تُتَفَاعَلَا
6,9,11,يُتَفَاعَلَا
6,9,11,تُتَفَاعَلَا
8,10,12,أُسْتَفْعَلَ
8,10,12,نُسْتَفْعَلَ
8,10,12,تُسْتَفْعَلَ
8,10,12,يُسْتَفْعَلَ
8,10,12,تُسْتَفْعَلَ
4,6,8,تُفْعَلَلْنَ
4,6,8,يُفْعَلَلْنَ
4,6,9,تُفْعَالُّوا
4,6,9,يُفْعَالُّوا
4,8,10,تُفْتَعَلُوا
4,8,10,تُفْتَعَلْنَ
4,8,10,يُفْتَعَلُوا
4,8,10,يُفْتَعَلْنَ
4,6,8,تُفْعَلَانِّ
4,6,8,تُفْعَلَانِّ
4,6,8,يُفْعَلَانِّ
4,6,8,تُفْعَلَانِّ
4,6,8,تُفْعَلَانِّ
4,6,8,تُفْعَلَانِّ
4,6,8,يُفْعَلَانِّ
4,6,8,تُفْعَلَانِّ
4,6,8,تُفْعَلَانِّ
4,6,8,تُفْعَلَانِّ
4,6,8,يُفْعَلَانِّ
4,6,8,تُفْعَلَانِّ
4,7,9,أُفَاعَلَنَّ
4,7,9,نُفَاعَلَنَّ
4,7,9,تُفَاعَلَنَّ
4,7,9,تُفَاعَلِنَّ
4,7,9,تُفَاعَلُنَّ
4,7,9,يُفَاعَلَنَّ
4,7,9,تُفَاعَلَنَّ
4,7,9,يُفَاعَلُنَّ
4,6,8,تُفْعَلَانِّ
4,6,8,تُفْعَلَانِّ
4,6,8,يُفْعَلَانِّ
4,6,8,تُفْعَلَانِّ
4,6,9,أُفَعَّلَنَّ
4,6,9,نُفَعَّلَنَّ
4,6,9,تُفَعَّلَنَّ
4,6,9,تُفَعَّلِنَّ
4,6,9,تُفَعَّلُنَّ
4,6,9,يُفَعَّلَنَّ
4,6,9,تُفَعَّلَنَّ
4,6,9,يُفَعَّلُنَّ
4,6,8,أُفْعَلَّنَّ
4,6,8,نُفْعَلَّنَّ
4,6,8,تُفْعَلَّنَّ
4,6,8,تُفْعَلِّنَّ
4,6,8,تُفْعَلُّنَّ
4,6,8,يُفْعَلَّنَّ
4,6,8,تُفْعَلَّنَّ
4,6,8,يُفْعَلُّنَّ
2,5,7,فَاعِلَتَانِ
4,6,9,مِفْعَالُونَ
4,6,9,مِفْعَالِينَ
4,6,9,مِفْعَالَانِ
4,6,9,مِفْعَالَتَا
4,6,9,مِفْعَالَاتُ
4,6,9,مِفْعَالَاتٌ
4,6,9,مِفْعِيلُونَ
4,6,9,مِفْعِيلِينَ
4,6,9,مِفْعِيلَانِ
4,6,9,مِفْعِيلَتَا
4,6,9,مِفْعِيلَاتُ
4,6,9,مِفْعِيلَاتٌ
4,6,9,مُفَعِّلُونَ
4,6,9,مُفَعِّلِينَ
4,6,9,مُفَعِّلَانِ
4,6,9,مُفَعِّلَتَا
4,6,9,مُفَعِّلَاتُ
4,6,9,مُفَعِّلَاتٌ
2,4,7,فَعِيلَتَانِ
2,4,7,فَعُولَتَانِ
4,6,9,مَفْعُولُونَ
4,6,9,مَفْعُولِينَ
6,8,3,مَفْعُولُونَ
6,8,3,مَفْعُولِينَ
4,6,9,مَفْعُولَتَا
4,7,9,مُفَاعَلُونَ
4,7,9,مُفَاعَلِينَ
6,9,3,مُفَاعَلُونَ
6,9,3,مُفَاعَلِينَ
4,7,9,مُفَاعَلَتَا
4,6,9,مُفَعِّلِينَ
4,6,9,مُفَعَّلُونَ
4,6,9,مُفَعَّلِينَ
6,8,3,مُفَعَّلُونَ
6,8,3,مُفَعَّلِينَ
4,6,9,مُفَعَّلَتَا
6,8,10,مُنْفَعَلَةَ
8,10,3,مُنْفَعَلَةَ
6,8,11,مُتَفَعَّلَا
6,9,11,مُتَفَاعَلَا
8,10,12,مُسْتَفْعَلَ
10,12,3,مُسْتَفْعَلَ
4,6,8,مُفْعَلُّونَ
4,6,8,مُفْعَلِّينَ
6,8,3,مُفْعَلُّونَ
6,8,3,مُفْعَلِّينَ
4,6,8,مُفْعَلَّتَا
4,6,9,مُفْعَالَّةَ
6,8,3,مُفْعَالَّةَ
4,8,10,مُفْتَعَلَةَ
6,10,3,مُفْتَعَلَةَ
4,6,9,مَفْعُولَاتُ
6,8,3,مَفْعُولَاتُ
4,7,9,مُفَاعَلَاتُ
6,9,3,مُفَاعَلَاتُ
4,6,9,مُفَعَّلَاتُ
6,8,10,مُنْفَعَلَةُ
8,10,3,مُنْفَعَلَةُ
8,10,12,مُسْتَفْعَلُ
10,12,3,مُسْتَفْعَلُ
4,6,8,مُفْعَلَّاتُ
6,8,3,مُفْعَلَّاتُ
4,6,9,مُفْعَالَّةُ
6,8,3,مُفْعَالَّةُ
4,8,10,مُفْتَعَلَةُ
6,10,3,مُفْتَعَلَةُ
4,6,9,مَفْعُولَانِ
6,8,3,مَفْعُولَانِ
4,7,9,مُفَاعَلَانِ
6,9,3,مُفَاعَلَانِ
4,6,9,مُفَعَّلَانِ
6,8,10,مُنْفَعَلَةِ
8,10,3,مُنْفَعَلَةِ
6,8,11,مُتَفَعِّلٌِ
6,8,11,مُتَفَعَّلِي
6,9,11,مُتَفَاعَلِي
8,10,12,مُسْتَفْعَلِ
10,12,3,مُسْتَفْعَلِ
4,6,8,مُفْعَلَّانِ
6,8,3,مُفْعَلَّانِ
4,6,9,مُفْعَالَّةِ
6,8,3,مُفْعَالَّةِ
4,8,10,مُفْتَعَلَةِ
6,10,3,مُفْتَعَلَةِ
6,8,10,مُنْفَعَلَةً
6,8,11,مُتَفَعَّلًا
6,9,11,مُتَفَاعَلًا
4,6,9,مُفْعَالَّةً
4,8,10,مُفْتَعَلَةً
4,6,9,مَفْعُولَاتٌ
4,7,9,مُفَاعَلَاتٌ
4,6,9,مُفَعَّلَاتٌ
6,8,10,مُنْفَعَلَةٌ
8,10,12,مُسْتَفْعَلٌ
4,6,8,مُفْعَلَّاتٌ
4,6,9,مُفْعَالَّةٌ
4,8,10,مُفْتَعَلَةٌ
6,8,10,مُنْفَعَلَةٍ
8,10,12,مُسْتَفْعَلٍ
4,6,9,مُفْعَالَّةٍ
4,8,10,مُفْتَعَلَةٍ
2,4,7,فِعَالُلَانِ
2,4,7,فِعَالَتَانِ
4,6,3,فِعَالَتَانِ
4,6,9,إِفْعَالِيَّ
4,6,9,إِفْعَالِيُّ
4,6,9,إِفْعَالِيِّ
4,6,9,إِفْعَالِيٌّ
4,6,9,إِفْعَالِيٍّ
4,6,9,إِفْعَالِيَّ
4,6,9,إِفْعَالِيُّ
4,6,9,إِفْعَالِيِّ
4,8,10,مُفْتَعَلِين
4,6,8,اِفْعَلَّتَا
4,6,8,اِفْعَلَلْنَ
4,6,8,تَفْعَلِّينَ
4,6,8,تَفْعَلَّانِ
4,6,8,تَفْعَلَّانِ
4,6,8,تَفْعَلُّونَ
4,6,8,تَفْعَلِلْنَ
4,6,8,يَفْعَلَّانِ
4,6,8,تَفْعَلَّانِ
4,6,8,يَفْعَلُّونَ
4,6,8,يَفْعَلِلْنَ
6,8,11,يَتَفَعَّلُ
6,9,11,يَتَفَاعَلُ
2,4,6,فَعَلْتُمَا
2,4,6,فَعَلْتُمَا
2,4,6,فَعَلْتُنَّ
2,4,6,فَعَلْتُمَا
2,4,6,فَعَلْتُمَا
2,4,6,فَعَلْتُنَّ
2,4,6,فَعَلْتُمَا
2,4,6,فَعَلْتُمَا
2,4,6,فَعَلْتُنَّ
4,6,8,أَفْعَلْنَا
4,6,8,أَفْعَلْتُم
4,6,8,أَفْعَلَتَا
6,8,10,اِنْفَعَلَا
4,6,9,تَفَعَّلْتُ
4,6,9,تَفَعَّلْتَ
4,6,9,تَفَعَّلْتِ
4,6,9,تَفَعَّلَتْ
4,6,9,تَفَعَّلُوا
4,6,9,تَفَعَّلْنَ
4,7,9,تَفَاعَلْتُ
4,7,9,تَفَاعَلْتَ
4,7,9,تَفَاعَلْتِ
4,7,9,تَفَاعَلَتْ
4,7,9,تَفَاعَلُوا
4,7,9,تَفَاعَلْنَ
4,6,8,اِفْعَلَّتْ
4,6,8,اِفْعَلُّوا
4,6,9,اِفْعَالَّا
4,8,10,اِفْتَعَلَا
4,6,8,تَفْعَلِينَ
4,6,8,تَفْعَلَانِ
4,6,8,تَفْعَلَانِ
4,6,8,تَفْعَلُونَ
4,6,8,يَفْعَلَانِ
4,6,8,تَفْعَلَانِ
4,6,8,يَفْعَلُونَ
4,6,8,تَفْعُلِينَ
4,6,8,تَفْعُلَانِ
4,6,8,تَفْعُلَانِ
4,6,8,تَفْعُلُونَ
4,6,8,يَفْعُلَانِ
4,6,8,تَفْعُلَانِ
4,6,8,يَفْعُلُونَ
4,6,8,تَفْعِلِينَ
4,6,8,تَفْعِلَانِ
4,6,8,تَفْعِلَانِ
4,6,8,تَفْعِلُونَ
4,6,8,يَفْعِلَانِ
4,6,8,تَفْعِلَانِ
4,6,8,يَفْعِلُونَ
4,7,9,تُفَاعِلْنَ
4,7,9,يُفَاعِلْنَ
4,6,8,تُفْعِلِينَ
4,6,8,تُفْعِلَانِ
4,6,8,تُفْعِلَانِ
4,6,8,تُفْعِلُونَ
4,6,8,يُفْعِلَانِ
4,6,8,تُفْعِلَانِ
4,6,8,يُفْعِلُونَ
4,6,9,تُفَعِّلْنَ
4,6,9,يُفَعِّلْنَ
6,8,11,أَتَفَعَّلُ
6,8,11,نَتَفَعَّلُ
6,8,11,تَتَفَعَّلُ
6,8,11,يَتَفَعَّلُ
6,8,11,تَتَفَعَّلُ
6,9,11,أَتَفَاعَلُ
6,9,11,نَتَفَاعَلُ
6,9,11,تَتَفَاعَلُ
6,9,11,يَتَفَاعَلُ
6,9,11,تَتَفَاعَلُ
4,7,9,تُفَاعِلُوا
4,7,9,تُفَاعِلْنَ
4,7,9,يُفَاعِلُوا
4,7,9,يُفَاعِلْنَ
4,6,9,تُفَعِّلُوا
4,6,9,تُفَعِّلْنَ
4,6,9,يُفَعِّلُوا
4,6,9,يُفَعِّلْنَ
6,8,10,تَنْفَعِلِي
6,8,10,تَنْفَعِلَا
6,8,10,تَنْفَعِلَا
6,8,10,يَنْفَعِلَا
6,8,10,تَنْفَعِلَا
6,8,11,أَتَفَعَّلْ
6,8,11,نَتَفَعَّلْ
6,8,11,تَتَفَعَّلْ
6,8,11,يَتَفَعَّلْ
6,8,11,تَتَفَعَّلْ
6,9,11,أَتَفَاعَلْ
6,9,11,نَتَفَاعَلْ
6,9,11,تَتَفَاعَلْ
6,9,11,يَتَفَاعَلْ
6,9,11,تَتَفَاعَلْ
4,6,8,تَفْعَلُّوا
4,6,8,يَفْعَلُّوا
4,6,9,أَفْعَالِلْ
4,6,9,نَفْعَالِلْ
4,6,9,تَفْعَالِلْ
4,6,9,تَفْعَالِّي
4,6,9,تَفْعَالَّا
4,6,9,تَفْعَالَّا
4,6,9,يَفْعَالِلْ
4,6,9,تَفْعَالِلْ
4,6,9,يَفْعَالَّا
4,6,9,تَفْعَالَّا
4,8,10,تَفْتَعِلِي
4,8,10,تَفْتَعِلَا
4,8,10,تَفْتَعِلَا
4,8,10,يَفْتَعِلَا
4,8,10,تَفْتَعِلَا
4,7,9,تُفَاعِلُوا
4,7,9,تُفَاعِلْنَ
4,7,9,يُفَاعِلُوا
4,7,9,يُفَاعِلْنَ
4,6,9,تُفَعِّلُوا
4,6,9,تُفَعِّلْنَ
4,6,9,يُفَعِّلُوا
4,6,9,يُفَعِّلْنَ
6,8,10,تَنْفَعِلِي
6,8,10,تَنْفَعِلَا
6,8,10,تَنْفَعِلَا
6,8,10,يَنْفَعِلَا
6,8,10,تَنْفَعِلَا
6,8,11,أَتَفَعَّلَ
6,8,11,نَتَفَعَّلَ
6,8,11,تَتَفَعَّلَ
6,8,11,يَتَفَعَّلَ
6,8,11,تَتَفَعَّلَ
6,9,11,أَتَفَاعَلَ
6,9,11,نَتَفَاعَلَ
6,9,11,تَتَفَاعَلَ
6,9,11,يَتَفَاعَلَ
6,9,11,تَتَفَاعَلَ
4,6,8,تَفْعَلُّوا
4,6,8,يَفْعَلُّوا
4,6,9,تَفْعَالِّي
4,6,9,تَفْعَالَّا
4,6,9,تَفْعَالَّا
4,6,9,يَفْعَالَّا
4,6,9,تَفْعَالَّا
4,8,10,تَفْتَعِلِي
4,8,10,تَفْتَعِلَا
4,8,10,تَفْتَعِلَا
4,8,10,يَفْتَعِلَا
4,8,10,تَفْتَعِلَا
4,6,8,أَفْعَلَنَّ
4,6,8,نَفْعَلَنَّ
4,6,8,تَفْعَلَنَّ
4,6,8,تَفْعَلِنَّ
4,6,8,تَفْعَلُنَّ
4,6,8,يَفْعَلَنَّ
4,6,8,تَفْعَلَنَّ
4,6,8,يَفْعَلُنَّ
4,6,8,أَفْعُلَنَّ
4,6,8,نَفْعُلَنَّ
4,6,8,تَفْعُلَنَّ
4,6,8,تَفْعُلِنَّ
4,6,8,تَفْعُلُنَّ
4,6,8,يَفْعُلَنَّ
4,6,8,تَفْعُلَنَّ
4,6,8,يَفْعُلُنَّ
4,6,8,أَفْعِلَنَّ
4,6,8,نَفْعِلَنَّ
4,6,8,تَفْعِلَنَّ
4,6,8,تَفْعِلِنَّ
4,6,8,تَفْعِلُنَّ
4,6,8,يَفْعِلَنَّ
4,6,8,تَفْعِلَنَّ
4,6,8,يَفْعِلُنَّ
4,6,8,أُفْعِلَنَّ
4,6,8,نُفْعِلَنَّ
4,6,8,تُفْعِلَنَّ
4,6,8,تُفْعِلِنَّ
4,6,8,تُفْعِلُنَّ
4,6,8,يُفْعِلَنَّ
4,6,8,تُفْعِلَنَّ
4,6,8,يُفْعِلُنَّ
6,8,10,اِنْفَعِلِي
6,8,10,اِنْفَعِلَا
6,8,10,اِنْفَعِلَا
4,6,9,تَفَعَّلُوا
4,6,9,تَفَعَّلْنَ
4,7,9,تَفَاعَلُوا
4,7,9,تَفَاعَلْنَ
4,6,8,اِفْعَلُّوا
4,6,9,اِفْعَالِلْ
4,6,9,اِفْعَالِّي
4,6,9,اِفْعَالَّا
4,6,9,اِفْعَالَّا
4,8,10,اِفْتَعِلِي
4,8,10,اِفْتَعِلَا
4,8,10,اِفْتَعِلَا
4,6,8,اِفْعَلَنَّ
4,6,8,اِفْعَلِنَّ
4,6,8,اِفْعَلُنَّ
4,6,8,اُفْعُلَنَّ
4,6,8,اُفْعُلِنَّ
4,6,8,اُفْعُلُنَّ
4,6,8,اِفْعِلَنَّ
4,6,8,اِفْعِلِنَّ
4,6,8,اِفْعِلُنَّ
2,5,7,فَاعِلَانِّ
2,5,7,فَاعِلَانِّ
4,6,8,أَفْعِلَنَّ
4,6,8,أَفْعِلِنَّ
4,6,8,أَفْعِلُنَّ
2,4,7,فَعِّلَانِّ
2,4,7,فَعِّلَانِّ
2,4,6,فُعِلْتُمَا
2,4,6,فُعِلْتُمَا
2,4,6,فُعِلْتُنَّ
2,4,6,فُعِلْتُمَا
2,4,6,فُعِلْتُمَا
2,4,6,فُعِلْتُنَّ
2,4,6,فُعِلْتُمَا
2,4,6,فُعِلْتُمَا
2,4,6,فُعِلْتُنَّ
4,6,8,أُفْعِلْنَا
4,6,8,أُفْعِلْتُم
4,6,8,أُفْعِلَتَا
6,8,10,اُنْفُعِلَا
4,6,9,تُفُعِّلْتُ
4,6,9,تُفُعِّلْتَ
4,6,9,تُفُعِّلْتِ
4,6,9,تُفُعِّلَتْ
4,6,9,تُفُعِّلُوا
4,6,9,تُفُعِّلْنَ
6,9,11,أُتَفَاعَلُ
6,9,11,نُتَفَاعَلُ
6,9,11,تُتَفَاعَلُ
6,9,11,يُتَفَاعَلُ
6,9,11,تُتَفَاعَلُ
4,6,8,تُفْعَلِينَ
4,6,8,تُفْعَلَانِ
4,6,8,تُفْعَلَانِ
4,6,8,تُفْعَلُونَ
4,6,8,يُفْعَلَانِ
4,6,8,تُفْعَلَانِ
4,6,8,يُفْعَلُونَ
4,6,8,تُفْعَلِينَ
4,6,8,تُفْعَلَانِ
4,6,8,تُفْعَلَانِ
4,6,8,تُفْعَلُونَ
4,6,8,يُفْعَلَانِ
4,6,8,تُفْعَلَانِ
4,6,8,يُفْعَلُونَ
4,6,8,تُفْعَلِينَ
4,6,8,تُفْعَلَانِ
4,6,8,تُفْعَلَانِ
4,6,8,تُفْعَلُونَ
4,6,8,يُفْعَلَانِ
4,6,8,تُفْعَلَانِ
4,6,8,يُفْعَلُونَ
4,7,9,تُفَاعَلْنَ
4,7,9,يُفَاعَلْنَ
4,6,8,تُفْعَلِينَ
4,6,8,تُفْعَلَانِ
4,6,8,تُفْعَلَانِ
4,6,8,تُفْعَلُونَ
4,6,8,يُفْعَلَانِ
4,6,8,تُفْعَلَانِ
4,6,8,يُفْعَلُونَ
4,6,9,تُفَعَّلْنَ
4,6,9,يُفَعَّلْنَ
6,8,11,أُتَفَعَّلُ
6,8,11,نُتَفَعَّلُ
6,8,11,تُتَفَعَّلُ
6,8,11,يُتَفَعَّلُ
6,8,11,تُتَفَعَّلُ
6,9,11,أُتَفَاعَلُ
6,9,11,نُتَفَاعَلُ
6,9,11,تُتَفَاعَلُ
6,9,11,يُتَفَاعَلُ
6,9,11,تُتَفَاعَلُ
4,7,9,تُفَاعَلُوا
4,7,9,تُفَاعَلْنَ
4,7,9,يُفَاعَلُوا
4,7,9,يُفَاعَلْنَ
4,6,9,تُفَعَّلُوا
4,6,9,تُفَعَّلْنَ
4,6,9,يُفَعَّلُوا
4,6,9,يُفَعَّلْنَ
6,8,10,تُنْفَعَلِي
6,8,10,تُنْفَعَلَا
6,8,10,تُنْفَعَلَا
6,8,10,يُنْفَعَلَا
6,8,10,تُنْفَعَلَا
6,8,11,أُتَفَعَّلْ
6,8,11,نُتَفَعَّلْ
6,8,11,تُتَفَعَّلْ
6,8,11,يُتَفَعَّلْ
6,8,11,تُتَفَعَّلْ
6,9,11,أُتَفَاعَلْ
6,9,11,نُتَفَاعَلْ
6,9,11,تُتَفَاعَلْ
6,9,11,يُتَفَاعَلْ
6,9,11,تُتَفَاعَلْ
4,6,8,تُفْعَلُّوا
4,6,8,يُفْعَلُّوا
4,6,9,أُفْعَالَلْ
4,6,9,نُفْعَالَلْ
4,6,9,تُفْعَالَلْ
4,6,9,تُفْعَالِّي
4,6,9,تُفْعَالَّا
4,6,9,تُفْعَالَّا
4,6,9,يُفْعَالَلْ
4,6,9,تُفْعَالَلْ
4,6,9,يُفْعَالَّا
4,6,9,تُفْعَالَّا
4,8,10,تُفْتَعَلِي
4,8,10,تُفْتَعَلَا
4,8,10,تُفْتَعَلَا
4,8,10,يُفْتَعَلَا
4,8,10,تُفْتَعَلَا
4,7,9,تُفَاعَلُوا
4,7,9,تُفَاعَلْنَ
4,7,9,يُفَاعَلُوا
4,7,9,يُفَاعَلْنَ
4,6,9,تُفَعَّلُوا
4,6,9,تُفَعَّلْنَ
4,6,9,يُفَعَّلُوا
4,6,9,يُفَعَّلْنَ
6,8,10,تُنْفَعَلِي
6,8,10,تُنْفَعَلَا
6,8,10,تُنْفَعَلَا
6,8,10,يُنْفَعَلَا
6,8,10,تُنْفَعَلَا
6,8,11,أُتَفَعَّلَ
6,8,11,نُتَفَعَّلَ
6,8,11,تُتَفَعَّلَ
6,8,11,يُتَفَعَّلَ
6,8,11,تُتَفَعَّلَ
6,9,11,أُتَفَاعَلَ
6,9,11,نُتَفَاعَلَ
6,9,11,تُتَفَاعَلَ
6,9,11,يُتَفَاعَلَ
6,9,11,تُتَفَاعَلَ
4,6,8,تُفْعَلُّوا
4,6,8,يُفْعَلُّوا
4,6,9,تُفْعَالِّي
4,6,9,تُفْعَالَّا
4,6,9,تُفْعَالَّا
4,6,9,يُفْعَالَّا
4,6,9,تُفْعَالَّا
4,8,10,تُفْتَعَلِي
4,8,10,تُفْتَعَلَا
4,8,10,تُفْتَعَلَا
4,8,10,يُفْتَعَلَا
4,8,10,تُفْتَعَلَا
4,6,8,أُفْعَلَنَّ
4,6,8,نُفْعَلَنَّ
4,6,8,تُفْعَلَنَّ
4,6,8,تُفْعَلِنَّ
4,6,8,تُفْعَلُنَّ
4,6,8,يُفْعَلَنَّ
4,6,8,تُفْعَلَنَّ
4,6,8,يُفْعَلُنَّ
4,6,8,أُفْعَلَنَّ
4,6,8,نُفْعَلَنَّ
4,6,8,تُفْعَلَنَّ
4,6,8,تُفْعَلِنَّ
4,6,8,تُفْعَلُنَّ
4,6,8,يُفْعَلَنَّ
4,6,8,تُفْعَلَنَّ
4,6,8,يُفْعَلُنَّ
4,6,8,أُفْعَلَنَّ
4,6,8,نُفْعَلَنَّ
4,6,8,تُفْعَلَنَّ
4,6,8,تُفْعَلِنَّ
4,6,8,تُفْعَلُنَّ
4,6,8,يُفْعَلَنَّ
4,6,8,تُفْعَلَنَّ
4,6,8,يُفْعَلُنَّ
4,6,8,أُفْعَلَنَّ
4,6,8,نُفْعَلَنَّ
4,6,8,تُفْعَلَنَّ
4,6,8,تُفْعَلِنَّ
4,6,8,تُفْعَلُنَّ
4,6,8,يُفْعَلَنَّ
4,6,8,تُفْعَلَنَّ
4,6,8,يُفْعَلُنَّ
2,6,8,فَّاعِلُونَ
2,6,8,فَّاعِلِينَ
2,6,8,فَّاعِلَانِ
2,6,8,فَّاعِلَاتُ
4,6,8,مُفْعِلُونَ
4,6,8,مُفْعِلِينَ
4,6,8,مُفْعِلَانِ
4,6,8,مُفْعِلَتَا
4,6,8,مُفْعِلَاتُ
4,6,8,مُفْعِلَاتٌ
2,4,8,فَعَّالُونَ
2,4,8,فَعَّالِينَ
2,4,8,فَعَّالَانِ
2,4,8,فَعَّالَتَا
2,4,8,فَعَّالَاتُ
2,4,8,فَعَّالَاتٌ
2,4,8,فَعَّالَتَا
4,6,9,مِفْعَالَةَ
4,6,9,مِفْعَالَةُ
4,6,9,مِفْعَالَةِ
4,6,9,مِفْعَالَةً
4,6,9,مِفْعَالَةٌ
4,6,9,مِفْعَالَةٍ
4,6,9,مِفْعَالُوا
2,4,8,فِعِّيلُونَ
2,4,8,فِعِّيلِينَ
2,4,8,فِعِّيلَانِ
2,4,8,فِعِّيلَتَا
2,4,8,فِعِّيلَاتُ
2,4,8,فِعِّيلَاتٌ
4,6,9,مِفْعِيلَةَ
4,6,9,مِفْعِيلَةُ
4,6,9,مِفْعِيلَةِ
4,6,9,مِفْعِيلَةً
4,6,9,مِفْعِيلَةٌ
4,6,9,مِفْعِيلَةٍ
4,6,9,مِفْعِيلُوا
2,4,6,فُعَلَتَانِ
2,4,6,فَعِلَتَانِ
4,6,9,مُفَعِّلَةَ
4,6,9,مُفَعِّلَةُ
4,6,9,مُفَعِّلَةِ
4,6,9,مُفَعِّلَةً
4,6,9,مُفَعِّلَةٌ
4,6,9,مُفَعِّلَةٍ
4,6,9,مُفَعِّلُوا
2,4,6,فِعْلِيَّةَ
2,4,6,فِعْلِيَّةُ
2,4,6,فِعْلِيَّةِ
2,4,6,فِعْلِيَّةً
2,4,6,فِعْلِيَّةٌ
2,4,6,فِعْلِيَّةٍ
4,6,9,مَفْعُولَةَ
6,8,3,مَفْعُولَةَ
4,7,9,مُفَاعَلَةَ
6,9,3,مُفَاعَلَةَ
4,6,8,مُفْعَلُونَ
4,6,8,مُفْعَلِينَ
6,8,3,مُفْعَلُونَ
6,8,3,مُفْعَلِينَ
4,6,8,مُفْعَلَتَا
4,6,9,مُفَعَّلَةَ
6,8,3,مُفَعَّلَةَ
6,8,10,مُنْفَعَلَا
6,8,11,مُتَفَعَّلَ
8,10,3,مُتَفَعَّلَ
6,8,11,مُتَفَعِّلٌ
6,9,11,مُتَفَاعَلَ
8,11,3,مُتَفَاعَلَ
4,6,8,مُفْعَلَّةَ
6,8,3,مُفْعَلَّةَ
4,6,9,مُفْعَالَّا
4,8,10,مُفْتَعَلَا
4,6,9,مَفْعُولَةُ
6,8,3,مَفْعُولَةُ
4,7,9,مُفَاعَلَةُ
6,9,3,مُفَاعَلَةُ
4,6,8,مُفْعَلَاتُ
6,8,3,مُفْعَلَاتُ
4,6,9,مُفَعَّلَةُ
6,8,11,مُتَفَعَّلُ
8,10,3,مُتَفَعَّلُ
6,9,11,مُتَفَاعَلُ
8,11,3,مُتَفَاعَلُ
4,6,8,مُفْعَلَّةُ
6,8,3,مُفْعَلَّةُ
4,6,9,مَفْعُولَةِ
6,8,3,مَفْعُولَةِ
4,7,9,مُفَاعَلَةِ
6,9,3,مُفَاعَلَةِ
4,6,8,مُفْعَلَانِ
6,8,3,مُفْعَلَانِ
4,6,9,مُفَعَّلَةِ
6,8,3,مُفَعَّلَةِ
6,8,10,مُنْفَعَلِي
6,8,11,مُتَفَعَّلِ
6,9,11,مُتَفَاعَلِ
8,11,3,مُتَفَاعَلِ
4,6,8,مُفْعَلَّةِ
6,8,3,مُفْعَلَّةِ
4,6,9,مُفْعَالِّي
4,8,10,مُفْتَعَلِي
4,6,9,مَفْعُولَةً
4,7,9,مُفَاعَلَةً
4,6,9,مُفَعَّلَةً
6,8,10,مُنْفَعَلًا
4,6,8,مُفْعَلَّةً
4,6,9,مُفْعَالًّا
4,8,10,مُفْتَعَلًا
4,6,9,مَفْعُولَةٌ
4,7,9,مُفَاعَلَةٌ
4,6,8,مُفْعَلَاتٌ
4,6,9,مُفَعَّلَةٌ
6,8,11,مُتَفَعَّلٌ
6,9,11,مُتَفَاعَلٌ
4,6,8,مُفْعَلَّةٌ
4,6,9,مَفْعُولَةٍ
4,7,9,مُفَاعَلَةٍ
4,6,9,مُفَعَّلَةٍ
6,8,11,مُتَفَعَّلٍ
6,9,11,مُتَفَاعَلٍ
4,6,8,مُفْعَلَّةٍ
4,7,3,فِّعَالُونَ
4,7,3,فِّعَالِينَ
4,7,3,فِّعَالَاتُ
2,5,7,فَّعَلِيَّة
4,6,9,مَفْعُولَات
4,8,10,مُفْتَعَلِن
3,5,9,افْعَوْلَلَ
2,6,9,فَّاعُولَةَ
2,6,9,فَّاعُولَةُ
2,6,9,فَّاعُولَةِ
4,6,8,مِفْعَلُونَ
4,6,8,مِفْعَلِينَ
4,6,8,مِفْعَلُونَ
4,6,8,مِفْعَلِينَ
4,6,8,مِفْعَلُانِ
4,6,8,مِفْعَلَانِ
4,6,8,مِفْعَلَتَا
4,6,8,مِفْعَلَاتُ
4,6,8,مِفْعَلَاتٌ
4,6,8,مِفْعَلَاتُ
4,6,8,اِفْعَلَّتْ
4,6,8,اِفْعَلُّوا
6,8,10,إِنْفَعَلَ
6,8,10,يَنْفَعِلُ
6,8,10,إِنْفَعِلْ
4,6,9,إِفْعَالَّ
4,6,9,يَفْعَالُّ
4,6,9,إِفْعَالَّ
2,5,7,فَاعَلْنَا
2,5,7,فَاعَلْتُم
2,5,7,فَاعَلَتَا
4,6,8,أَفْعَلْتُ
4,6,8,أَفْعَلْتَ
4,6,8,أَفْعَلْتِ
4,6,8,أَفْعَلَتْ
4,6,8,أَفْعَلُوا
4,6,8,أَفْعَلْنَ
2,4,7,فَعَّلْنَا
2,4,7,فَعَّلْتُم
2,4,7,فَعَّلَتَا
2,5,8,فَّعَالَ
6,8,10,اِنْفَعَلَ
4,6,9,تَفَعَّلَا
4,7,9,تَفَاعَلَا
4,6,8,اِفْعَلَّا
4,6,9,اِفْعَالَّ
4,8,10,اِفْتَعَلَ
4,6,8,تَفْعَلْنَ
4,6,8,يَفْعَلْنَ
4,6,8,تَفْعُلْنَ
4,6,8,يَفْعُلْنَ
4,6,8,تَفْعِلْنَ
4,6,8,يَفْعِلْنَ
4,6,8,تُفْعِلْنَ
4,6,8,يُفْعِلْنَ
6,8,10,أَنْفَعِلُ
6,8,10,نَنْفَعِلُ
6,8,10,تَنْفَعِلُ
6,8,10,يَنْفَعِلُ
6,8,10,تَنْفَعِلُ
6,9,11,تَتَفَاعَل
4,6,9,أَفْعَالُّ
4,6,9,نَفْعَالُّ
4,6,9,تَفْعَالُّ
4,6,9,يَفْعَالُّ
4,6,9,تَفْعَالُّ
4,8,10,أَفْتَعِلُ
4,8,10,نَفْتَعِلُ
4,8,10,تَفْتَعِلُ
4,8,10,يَفْتَعِلُ
4,8,10,تَفْتَعِلُ
4,6,8,تَفْعَلُوا
4,6,8,تَفْعَلْنَ
4,6,8,يَفْعَلُوا
4,6,8,يَفْعَلْنَ
4,6,8,تَفْعُلُوا
4,6,8,تَفْعُلْنَ
4,6,8,يَفْعُلُوا
4,6,8,يَفْعُلْنَ
4,6,8,تَفْعِلُوا
4,6,8,تَفْعِلْنَ
4,6,8,يَفْعِلُوا
4,6,8,يَفْعِلْنَ
4,7,9,تُفَاعِلِي
4,7,9,تُفَاعِلَا
4,7,9,تُفَاعِلَا
4,7,9,يُفَاعِلَا
4,7,9,تُفَاعِلَا
4,6,8,تُفْعِلُوا
4,6,8,تُفْعِلْنَ
4,6,8,يُفْعِلُوا
4,6,8,يُفْعِلْنَ
4,6,9,تُفَعِّلِي
4,6,9,تُفَعِّلَا
4,6,9,تُفَعِّلَا
4,6,9,يُفَعِّلَا
4,6,9,تُفَعِّلَا
6,8,10,أَنْفَعِلْ
6,8,10,نَنْفَعِلْ
6,8,10,تَنْفَعِلْ
6,8,10,يَنْفَعِلْ
6,8,10,تَنْفَعِلْ
4,6,8,أَفْعَلِلْ
4,6,8,نَفْعَلِلْ
4,6,8,تَفْعَلِلْ
4,6,8,تَفْعَلِّي
4,6,8,تَفْعَلَّا
4,6,8,تَفْعَلَّا
4,6,8,يَفْعَلِلْ
4,6,8,تَفْعَلِلْ
4,6,8,يَفْعَلَّا
4,6,8,تَفْعَلَّا
4,8,10,أَفْتَعِلْ
4,8,10,نَفْتَعِلْ
4,8,10,تَفْتَعِلْ
4,8,10,يَفْتَعِلْ
4,8,10,تَفْتَعِلْ
4,6,8,تَفْعَلُوا
4,6,8,تَفْعَلْنَ
4,6,8,يَفْعَلُوا
4,6,8,يَفْعَلْنَ
4,6,8,تَفْعُلُوا
4,6,8,تَفْعُلْنَ
4,6,8,يَفْعُلُوا
4,6,8,يَفْعُلْنَ
4,6,8,تَفْعِلُوا
4,6,8,تَفْعِلْنَ
4,6,8,يَفْعِلُوا
4,6,8,يَفْعِلْنَ
4,7,9,تُفَاعِلِي
4,7,9,تُفَاعِلَا
4,7,9,تُفَاعِلَا
4,7,9,يُفَاعِلَا
4,7,9,تُفَاعِلَا
4,6,8,تُفْعِلُوا
4,6,8,تُفْعِلْنَ
4,6,8,يُفْعِلُوا
4,6,8,يُفْعِلْنَ
4,6,9,تُفَعِّلِي
4,6,9,تُفَعِّلَا
4,6,9,تُفَعِّلَا
4,6,9,يُفَعِّلَا
4,6,9,تُفَعِّلَا
6,8,10,أَنْفَعِلَ
6,8,10,نَنْفَعِلَ
6,8,10,تَنْفَعِلَ
6,8,10,يَنْفَعِلَ
6,8,10,تَنْفَعِلَ
4,6,8,تَفْعَلِّي
4,6,8,تَفْعَلَّا
4,6,8,تَفْعَلَّا
4,6,8,يَفْعَلَّا
4,6,8,تَفْعَلَّا
4,6,9,أَفْعَالَّ
4,6,9,نَفْعَالَّ
4,6,9,تَفْعَالَّ
4,6,9,يَفْعَالَّ
4,6,9,تَفْعَالَّ
4,8,10,أَفْتَعِلَ
4,8,10,نَفْتَعِلَ
4,8,10,تَفْتَعِلَ
4,8,10,يَفْتَعِلَ
4,8,10,تَفْتَعِلَ
4,6,8,اِفْعَلُوا
4,6,8,اِفْعَلْنَ
4,6,8,اُفْعُلُوا
4,6,8,اُفْعُلْنَ
4,6,8,اِفْعِلُوا
4,6,8,اِفْعِلْنَ
4,6,8,أَفْعِلُوا
4,6,8,أَفْعِلْنَ
6,8,10,اِنْفَعِلْ
4,6,9,تَفَعَّلِي
4,6,9,تَفَعَّلَا
4,6,9,تَفَعَّلَا
4,7,9,تَفَاعَلِي
4,7,9,تَفَاعَلَا
4,7,9,تَفَاعَلَا
4,6,8,اِفْعَلِلْ
4,6,8,اِفْعَلِّي
4,6,8,اِفْعَلَّا
4,6,8,اِفْعَلَّا
4,8,10,اِفْتَعِلْ
2,5,7,فَاعِلَنَّ
2,5,7,فَاعِلِنَّ
2,5,7,فَاعِلُنَّ
2,4,7,فَعِّلَنَّ
2,4,7,فَعِّلِنَّ
2,4,7,فَعِّلُنَّ
2,5,7,فُوعِلْنَا
2,5,7,فُوعِلْتُم
2,5,7,فُوعِلَتَا
4,6,8,أُفْعِلْتُ
4,6,8,أُفْعِلْتَ
4,6,8,أُفْعِلْتِ
4,6,8,أُفْعِلَتْ
4,6,8,أُفْعِلُوا
4,6,8,أُفْعِلْنَ
2,4,7,فُعِّلْنَا
2,4,7,فُعِّلْتُم
2,4,7,فُعِّلَتَا
6,8,10,اُنْفُعِلَ
4,6,9,تُفُعِّلَا
4,6,9,أُفْعَالُّ
4,6,9,نُفْعَالُّ
4,6,9,تُفْعَالُّ
4,6,9,يُفْعَالُّ
4,6,9,تُفْعَالُّ
4,8,10,أُفْتَعَلُ
4,8,10,نُفْتَعَلُ
4,8,10,تُفْتَعَلُ
4,8,10,يُفْتَعَلُ
4,8,10,تُفْتَعَلُ
4,6,8,تُفْعَلْنَ
4,6,8,يُفْعَلْنَ
4,6,8,تُفْعَلْنَ
4,6,8,يُفْعَلْنَ
4,6,8,تُفْعَلْنَ
4,6,8,يُفْعَلْنَ
4,6,8,تُفْعَلْنَ
4,6,8,يُفْعَلْنَ
6,8,10,أُنْفَعَلُ
6,8,10,نُنْفَعَلُ
6,8,10,تُنْفَعَلُ
6,8,10,يُنْفَعَلُ
6,8,10,تُنْفَعَلُ
4,6,9,أُفْعَالُّ
4,6,9,نُفْعَالُّ
4,6,9,تُفْعَالُّ
4,6,9,يُفْعَالُّ
4,6,9,تُفْعَالُّ
4,8,10,أُفْتَعَلُ
4,8,10,نُفْتَعَلُ
4,8,10,تُفْتَعَلُ
4,8,10,يُفْتَعَلُ
4,8,10,تُفْتَعَلُ
4,6,8,تُفْعَلُوا
4,6,8,تُفْعَلْنَ
4,6,8,يُفْعَلُوا
4,6,8,يُفْعَلْنَ
4,6,8,تُفْعَلُوا
4,6,8,تُفْعَلْنَ
4,6,8,يُفْعَلُوا
4,6,8,يُفْعَلْنَ
4,6,8,تُفْعَلُوا
4,6,8,تُفْعَلْنَ
4,6,8,يُفْعَلُوا
4,6,8,يُفْعَلْنَ
4,7,9,تُفَاعَلِي
4,7,9,تُفَاعَلَا
4,7,9,تُفَاعَلَا
4,7,9,يُفَاعَلَا
4,7,9,تُفَاعَلَا
4,6,8,تُفْعَلُوا
4,6,8,تُفْعَلْنَ
4,6,8,يُفْعَلُوا
4,6,8,يُفْعَلْنَ
4,6,9,تُفَعَّلِي
4,6,9,تُفَعَّلَا
4,6,9,تُفَعَّلَا
4,6,9,يُفَعَّلَا
4,6,9,تُفَعَّلَا
6,8,10,أُنْفَعَلْ
6,8,10,نُنْفَعَلْ
6,8,10,تُنْفَعَلْ
6,8,10,يُنْفَعَلْ
6,8,10,تُنْفَعَلْ
4,6,8,أُفْعَلَلْ
4,6,8,نُفْعَلَلْ
4,6,8,تُفْعَلَلْ
4,6,8,تُفْعَلِّي
4,6,8,تُفْعَلَّا
4,6,8,تُفْعَلَّا
4,6,8,يُفْعَلَلْ
4,6,8,تُفْعَلَلْ
4,6,8,يُفْعَلَّا
4,6,8,تُفْعَلَّا
4,8,10,أُفْتَعَلْ
4,8,10,نُفْتَعَلْ
4,8,10,تُفْتَعَلْ
4,8,10,يُفْتَعَلْ
4,8,10,تُفْتَعَلْ
4,6,8,تُفْعَلُوا
4,6,8,تُفْعَلْنَ
4,6,8,يُفْعَلُوا
4,6,8,يُفْعَلْنَ
4,6,8,تُفْعَلُوا
4,6,8,تُفْعَلْنَ
4,6,8,يُفْعَلُوا
4,6,8,يُفْعَلْنَ
4,6,8,تُفْعَلُوا
4,6,8,تُفْعَلْنَ
4,6,8,يُفْعَلُوا
4,6,8,يُفْعَلْنَ
4,7,9,تُفَاعَلِي
4,7,9,تُفَاعَلَا
4,7,9,تُفَاعَلَا
4,7,9,يُفَاعَلَا
4,7,9,تُفَاعَلَا
4,6,8,تُفْعَلُوا
4,6,8,تُفْعَلْنَ
4,6,8,يُفْعَلُوا
4,6,8,يُفْعَلْنَ
4,6,9,تُفَعَّلِي
4,6,9,تُفَعَّلَا
4,6,9,تُفَعَّلَا
4,6,9,يُفَعَّلَا
4,6,9,تُفَعَّلَا
6,8,10,أُنْفَعَلَ
6,8,10,نُنْفَعَلَ
6,8,10,تُنْفَعَلَ
6,8,10,يُنْفَعَلَ
6,8,10,تُنْفَعَلَ
4,6,8,تُفْعَلِّي
4,6,8,تُفْعَلَّا
4,6,8,تُفْعَلَّا
4,6,8,يُفْعَلَّا
4,6,8,تُفْعَلَّا
4,6,9,أُفْعَالَّ
4,6,9,نُفْعَالَّ
4,6,9,تُفْعَالَّ
4,6,9,يُفْعَالَّ
4,6,9,تُفْعَالَّ
4,8,10,أُفْتَعَلَ
4,8,10,نُفْتَعَلَ
4,8,10,تُفْتَعَلَ
4,8,10,يُفْتَعَلَ
4,8,10,تُفْتَعَلَ
2,6,8,فَّاعِلَةَ
2,6,8,فَّاعِلَةُ
2,6,8,فَّاعِلَةِ
2,5,7,فَاعِلُونَ
2,5,7,فَاعِلِينَ
2,5,7,فَاعِلُونَ
2,5,7,فَاعِلِينَ
2,5,7,فَاعِلَانِ
2,5,7,فَاعِلَتَا
2,5,7,فَاعِلَاتُ
2,5,7,فَاعِلَاتٌ
4,6,8,مُفْعِلَةَ
4,6,8,مُفْعِلَةُ
4,6,8,مُفْعِلَةِ
4,6,8,مُفْعِلَةً
4,6,8,مُفْعِلَةٌ
4,6,8,مُفْعِلَةٍ
4,6,8,مُفْعِلُوا
2,4,8,فَعَّالَةَ
2,4,8,فَعَّالَةُ
2,4,8,فَعَّالَةِ
2,4,8,فَعَّالَةً
2,4,8,فَعَّالَةٌ
2,4,8,فَعَّالَةٍ
2,4,8,فَعَّالُوا
2,4,8,فَعَّالَةَ
2,4,8,فَعَّالَةُ
2,4,8,فَعَّالَةِ
2,4,8,فَعَّالَةً
2,4,8,فَعَّالَةٌ
2,4,8,فَعَّالَةٍ
4,6,9,مِفْعَالِي
4,6,9,مِفْعَالَا
2,4,8,فِعِّيلَةَ
2,4,8,فِعِّيلَةُ
2,4,8,فِعِّيلَةِ
2,4,8,فِعِّيلَةً
2,4,8,فِعِّيلَةٌ
2,4,8,فِعِّيلَةٍ
2,4,8,فِعِّيلُوا
4,6,9,مِفْعِيلِي
4,6,9,مِفْعِيلَا
4,6,9,مُفَعِّلِي
4,6,9,مُفَعِّلَا
2,4,7,فَعِيلُونَ
2,4,7,فَعِيلِينَ
2,4,7,فَعِيلَانِ
2,4,7,فَعِيلَتَا
2,4,7,فَعِيلَاتُ
2,4,7,فَعِيلَاتٌ
2,4,7,فَعُولُونَ
2,4,7,فَعُولِينَ
2,4,7,فَعُولَانِ
2,4,7,فَعُولَتَا
2,4,7,فَعُولَاتُ
2,4,7,فَعُولَاتٌ
4,6,9,مَفْعُولَا
4,7,9,مُفَاعَلَا
4,6,8,مُفْعَلَةَ
6,8,3,مُفْعَلَةَ
4,6,9,مُفَعَّلَا
6,8,10,مُنْفَعَلَ
8,10,3,مُنْفَعَلَ
4,6,8,مُفْعَلَّا
4,6,9,مُفْعَالَّ
6,8,3,مُفْعَالَّ
4,8,10,مُفْتَعَلَ
6,10,3,مُفْتَعَلَ
4,6,8,مُفْعَلَةُ
6,8,3,مُفْعَلَةُ
6,8,10,مُنْفَعَلُ
8,10,3,مُنْفَعَلُ
4,6,9,مُفْعَالُّ
6,8,3,مُفْعَالُّ
4,8,10,مُفْتَعَلُ
6,10,3,مُفْتَعَلُ
4,6,9,مَفْعُولِي
4,7,9,مُفَاعَلِي
4,6,8,مُفْعَلَةِ
6,8,3,مُفْعَلَةِ
4,6,9,مُفَعَّلِي
6,8,10,مُنْفَعَلِ
8,10,3,مُنْفَعَلِ
4,6,8,مُفْعَلِّي
4,6,9,مُفْعَالِّ
6,8,3,مُفْعَالِّ
4,8,10,مُفْتَعَلِ
6,10,3,مُفْتَعَلِ
4,6,9,مَفْعُولًا
4,7,9,مُفَاعَلًا
4,6,8,مُفْعَلَةً
4,6,9,مُفَعَّلًا
4,6,8,مُفْعَلًّا
4,8,10,مُفْتَعِلٌ
4,6,8,مُفْعَلَةٌ
6,8,10,مُنْفَعَلٌ
4,6,9,مُفْعَالٌّ
4,8,10,مُفْتَعَلٌ
4,6,8,مُفْعَلَةٍ
6,8,10,مُنْفَعَلٍ
4,6,9,مُفْعَالٍّ
4,8,10,مُفْتَعَلٍ
2,4,7,فِعَالُونَ
2,4,7,فِعَالِينَ
4,6,3,فِعَالُونَ
4,6,3,فِعَالِينَ
2,4,7,فِعَالَتَا
4,7,3,فِّعَالَةَ
2,4,7,فِعَالَاتُ
4,6,3,فِعَالَاتُ
4,7,3,فِّعَالَةُ
4,6,3,فِعَالَانِ
4,7,3,فِّعَالَةِ
2,4,7,فِعَالَاتٌ
7,9,11,اسْتَفْعَل
3,5,11,افْعَوْعَل
4,6,9,مَفْعُولَة
2,5,8,فَّعِّلَات
6,8,11,مُتَفَعِّل
6,8,11,يَتَفَعَّل
2,4,7,فِعَالَاتٌ
2,5,8,فَاعُولَةَ
2,5,8,فَاعُولَةُ
2,5,8,فَاعُولَةِ
2,5,8,فَاعُولَةً
2,5,8,فَاعُولَةٌ
2,5,8,فَاعُولَةٍ
2,5,8,فَاعُولَةَ
2,5,8,فَاعُولَةُ
2,5,8,فَاعُولَةِ
4,6,8,مِفْعَلَةَ
4,6,8,مِفْعَلَةُ
4,6,8,مِفْعَلَةِ
4,6,8,مِفْعَلَةً
4,6,8,مِفْعَلَةٌ
4,6,8,مِفْعَلَةٍ
4,6,8,مِفْعَلَةَ
4,6,8,مِفْعَلَةُ
4,6,8,مِفْعَلَةِ
4,6,8,اِفْعَلَّا
4,6,9,يُفَعِّلُ
4,6,9,تَفَعَّلَ
4,6,9,تَفَعَّلْ
4,7,9,تَفَاعَلَ
4,7,9,تَفَاعَلْ
4,6,8,إِفْعَلَّ
4,6,8,يَفْعَلُّ
4,6,8,إِفْعَلَّ
2,4,6,فَعَلْنَا
2,4,6,فَعَلْتُم
2,4,6,فَعَلَتَا
2,4,6,فَعَلْنَا
2,4,6,فَعَلْتُم
2,4,6,فَعَلَتَا
2,4,6,فَعَلْنَا
2,4,6,فَعَلْتُم
2,4,6,فَعَلَتَا
2,5,7,فَاعَلْتُ
2,5,7,فَاعَلْتَ
2,5,7,فَاعَلْتِ
2,5,7,فَاعَلَتْ
2,5,7,فَاعَلُوا
2,5,7,فَاعَلْنَ
4,6,8,أَفْعَلَا
2,4,7,فَعَّلْتُ
2,4,7,فَعَّلْتَ
2,4,7,فَعَّلْتِ
2,4,7,فَعَّلَتْ
2,4,7,فَعَّلُوا
2,4,7,فَعَّلْنَ
4,6,9,تَفَعَّلَ
4,7,9,تَفَاعَلَ
4,6,8,اِفْعَلَّ
4,7,9,أُفَاعِلُ
4,7,9,نُفَاعِلُ
4,7,9,تُفَاعِلُ
4,7,9,يُفَاعِلُ
4,7,9,تُفَاعِلُ
4,6,9,أُفَعِّلُ
4,6,9,نُفَعِّلُ
4,6,9,تُفَعِّلُ
4,6,9,يُفَعِّلُ
4,6,9,تُفَعِّلُ
4,6,8,أَفْعَلُّ
4,6,8,نَفْعَلُّ
4,6,8,تَفْعَلُّ
4,6,8,يَفْعَلُّ
4,6,8,تَفْعَلُّ
4,6,8,تَفْعَلِي
4,6,8,تَفْعَلَا
4,6,8,تَفْعَلَا
4,6,8,يَفْعَلَا
4,6,8,تَفْعَلَا
4,6,8,تَفْعُلِي
4,6,8,تَفْعُلَا
4,6,8,تَفْعُلَا
4,6,8,يَفْعُلَا
4,6,8,تَفْعُلَا
4,6,8,تَفْعِلِي
4,6,8,تَفْعِلَا
4,6,8,تَفْعِلَا
4,6,8,يَفْعِلَا
4,6,8,تَفْعِلَا
4,7,9,أُفَاعِلْ
4,7,9,نُفَاعِلْ
4,7,9,تُفَاعِلْ
4,7,9,يُفَاعِلْ
4,7,9,تُفَاعِلْ
4,6,8,تُفْعِلِي
4,6,8,تُفْعِلَا
4,6,8,تُفْعِلَا
4,6,8,يُفْعِلَا
4,6,8,تُفْعِلَا
4,6,9,أُفَعِّلْ
4,6,9,نُفَعِّلْ
4,6,9,تُفَعِّلْ
4,6,9,يُفَعِّلْ
4,6,9,تُفَعِّلْ
4,6,8,تَفْعَلِي
4,6,8,تَفْعَلَا
4,6,8,تَفْعَلَا
4,6,8,يَفْعَلَا
4,6,8,تَفْعَلَا
4,6,8,تَفْعُلِي
4,6,8,تَفْعُلَا
4,6,8,تَفْعُلَا
4,6,8,يَفْعُلَا
4,6,8,تَفْعُلَا
4,6,8,تَفْعِلِي
4,6,8,تَفْعِلَا
4,6,8,تَفْعِلَا
4,6,8,يَفْعِلَا
4,6,8,تَفْعِلَا
4,7,9,أُفَاعِلَ
4,7,9,نُفَاعِلَ
4,7,9,تُفَاعِلَ
4,7,9,يُفَاعِلَ
4,7,9,تُفَاعِلَ
4,6,8,تُفْعِلِي
4,6,8,تُفْعِلَا
4,6,8,تُفْعِلَا
4,6,8,يُفْعِلَا
4,6,8,تُفْعِلَا
4,6,9,أُفَعِّلَ
4,6,9,نُفَعِّلَ
4,6,9,تُفَعِّلَ
4,6,9,يُفَعِّلَ
4,6,9,تُفَعِّلَ
4,6,8,أَفْعَلَّ
4,6,8,نَفْعَلَّ
4,6,8,تَفْعَلَّ
4,6,8,يَفْعَلَّ
4,6,8,تَفْعَلَّ
4,6,8,اِفْعَلِي
4,6,8,اِفْعَلَا
4,6,8,اِفْعَلَا
4,6,8,اُفْعُلِي
4,6,8,اُفْعُلَا
4,6,8,اُفْعُلَا
4,6,8,اِفْعِلِي
4,6,8,اِفْعِلَا
4,6,8,اِفْعِلَا
2,5,7,فَاعِلُوا
2,5,7,فَاعِلْنَ
4,6,8,أَفْعِلِي
4,6,8,أَفْعِلَا
4,6,8,أَفْعِلَا
2,4,7,فَعِّلُوا
2,4,7,فَعِّلْنَ
4,6,9,تَفَعَّلْ
4,7,9,تَفَاعَلْ
2,4,6,فُعِلْنَا
2,4,6,فُعِلْتُم
2,4,6,فُعِلَتَا
2,4,6,فُعِلْنَا
2,4,6,فُعِلْتُم
2,4,6,فُعِلَتَا
2,4,6,فُعِلْنَا
2,4,6,فُعِلْتُم
2,4,6,فُعِلَتَا
2,5,7,فُوعِلْتُ
2,5,7,فُوعِلْتَ
2,5,7,فُوعِلْتِ
2,5,7,فُوعِلَتْ
2,5,7,فُوعِلُوا
2,5,7,فُوعِلْنَ
4,6,8,أُفْعِلَا
2,4,7,فُعِّلْتُ
2,4,7,فُعِّلْتَ
2,4,7,فُعِّلْتِ
2,4,7,فُعِّلَتْ
2,4,7,فُعِّلُوا
2,4,7,فُعِّلْنَ
4,6,9,تُفُعِّلَ
4,6,8,أُفْعَلُّ
4,6,8,نُفْعَلُّ
4,6,8,تُفْعَلُّ
4,6,8,يُفْعَلُّ
4,6,8,تُفْعَلُّ
4,7,9,أُفَاعَلُ
4,7,9,نُفَاعَلُ
4,7,9,تُفَاعَلُ
4,7,9,يُفَاعَلُ
4,7,9,تُفَاعَلُ
4,6,9,أُفَعَّلُ
4,6,9,نُفَعَّلُ
4,6,9,تُفَعَّلُ
4,6,9,يُفَعَّلُ
4,6,9,تُفَعَّلُ
4,6,8,أُفْعَلُّ
4,6,8,نُفْعَلُّ
4,6,8,تُفْعَلُّ
4,6,8,يُفْعَلُّ
4,6,8,تُفْعَلُّ
4,6,8,تُفْعَلِي
4,6,8,تُفْعَلَا
4,6,8,تُفْعَلَا
4,6,8,يُفْعَلَا
4,6,8,تُفْعَلَا
4,6,8,تُفْعَلِي
4,6,8,تُفْعَلَا
4,6,8,تُفْعَلَا
4,6,8,يُفْعَلَا
4,6,8,تُفْعَلَا
4,6,8,تُفْعَلِي
4,6,8,تُفْعَلَا
4,6,8,تُفْعَلَا
4,6,8,يُفْعَلَا
4,6,8,تُفْعَلَا
4,7,9,أُفَاعَلْ
4,7,9,نُفَاعَلْ
4,7,9,تُفَاعَلْ
4,7,9,يُفَاعَلْ
4,7,9,تُفَاعَلْ
4,6,8,تُفْعَلِي
4,6,8,تُفْعَلَا
4,6,8,تُفْعَلَا
4,6,8,يُفْعَلَا
4,6,8,تُفْعَلَا
4,6,9,أُفَعَّلْ
4,6,9,نُفَعَّلْ
4,6,9,تُفَعَّلْ
4,6,9,يُفَعَّلْ
4,6,9,تُفَعَّلْ
4,6,8,تُفْعَلِي
4,6,8,تُفْعَلَا
4,6,8,تُفْعَلَا
4,6,8,يُفْعَلَا
4,6,8,تُفْعَلَا
4,6,8,تُفْعَلِي
4,6,8,تُفْعَلَا
4,6,8,تُفْعَلَا
4,6,8,يُفْعَلَا
4,6,8,تُفْعَلَا
4,6,8,تُفْعَلِي
4,6,8,تُفْعَلَا
4,6,8,تُفْعَلَا
4,6,8,يُفْعَلَا
4,6,8,تُفْعَلَا
4,7,9,أُفَاعَلَ
4,7,9,نُفَاعَلَ
4,7,9,تُفَاعَلَ
4,7,9,يُفَاعَلَ
4,7,9,تُفَاعَلَ
4,6,8,تُفْعَلِي
4,6,8,تُفْعَلَا
4,6,8,تُفْعَلَا
4,6,8,يُفْعَلَا
4,6,8,تُفْعَلَا
4,6,9,أُفَعَّلَ
4,6,9,نُفَعَّلَ
4,6,9,تُفَعَّلَ
4,6,9,يُفَعَّلَ
4,6,9,تُفَعَّلَ
4,6,8,أُفْعَلَّ
4,6,8,نُفْعَلَّ
4,6,8,تُفْعَلَّ
4,6,8,يُفْعَلَّ
4,6,8,تُفْعَلَّ
2,5,7,فَاعِلَةَ
2,5,7,فَاعِلَةُ
2,5,7,فَاعِلَةِ
2,5,7,فَاعِلَةً
2,5,7,فَاعِلَةٍ
2,5,7,فَاعِلَةٌ
2,5,7,فَاعِلُوا
4,6,8,مُفْعِلًا
4,6,8,مُفْعِلِي
4,6,8,مُفْعِلَا
2,4,8,فَعَّالًا
2,4,8,فَعَّالِي
2,4,8,فَعَّالَا
4,6,9,مِفْعَالَ
4,6,9,مِفْعَالُ
4,6,9,مِفْعَالِ
4,6,9,مِفْعَالً
4,6,9,مِفْعَالٌ
4,6,9,مِفْعَالٍ
2,4,8,فِعِّيلِي
2,4,8,فِعِّيلَا
4,6,9,مِفْعِيلَ
4,6,9,مِفْعِيلُ
4,6,9,مِفْعِيلِ
4,6,9,مِفْعِيلً
4,6,9,مِفْعِيلٌ
4,6,9,مِفْعِيلٍ
2,4,6,فُعَلَاتَ
2,4,6,فُعَلَاتُ
2,4,6,فُعَلَاتِ
2,4,6,فُعَلَاتً
2,4,6,فُعَلَتَا
2,4,6,فَعِلُونَ
2,4,6,فَعِلِينَ
2,4,6,فَعِلَانِ
2,4,6,فَعِلَتَا
2,4,6,فَعِلَاتُ
2,4,6,فَعِلَاتٌ
4,6,9,مُفَعِّلَ
4,6,9,مُفَعِّلُ
4,6,9,مُفَعِّلِ
4,6,9,مُفَعِّلً
4,6,9,مُفَعِّلٌ
4,6,9,مُفَعِّلٍ
2,4,7,فَعِيلَةَ
2,4,7,فَعِيلَةُ
2,4,7,فَعِيلَةِ
2,4,7,فَعِيلَةً
2,4,7,فَعِيلَةٌ
2,4,7,فَعِيلَةٍ
2,4,7,فَعِيلُوا
2,4,7,فَعُولَةَ
2,4,7,فَعُولَةُ
2,4,7,فَعُولَةِ
2,4,7,فَعُولَةً
2,4,7,فَعُولَةٌ
2,4,7,فَعُولَةٍ
2,4,7,فَعُولُوا
4,6,9,مَفْعُولَ
6,8,3,مَفْعُولَ
4,7,9,مُفَاعَلَ
6,9,3,مُفَاعَلَ
4,6,8,مُفْعَلَا
4,6,9,مُفَعَّلَ
4,6,8,مُفْعَلَّ
4,6,9,مَفْعُولُ
6,8,3,مَفْعُولُ
4,7,9,مُفَاعَلُ
6,9,3,مُفَاعَلُ
4,6,9,مُفَعَّلُ
6,8,3,مُفَعَّلُ
4,6,8,مُفْعَلُّ
6,8,3,مُفْعَلُّ
4,6,9,مَفْعُولِ
6,8,3,مَفْعُولِ
4,7,9,مُفَاعَلِ
6,9,3,مُفَاعَلِ
4,6,8,مُفْعَلِي
4,6,9,مُفَعَّلِ
6,8,3,مُفَعَّلِ
4,6,8,مُفْعَلِّ
6,8,3,مُفْعَلِّ
4,6,8,مُفْعَلًا
4,6,9,مَفْعُولٌ
4,7,9,مُفَاعَلٌ
4,6,9,مُفَعَّلٌ
4,6,8,مُفْعَلٌّ
4,6,9,مَفْعُولٍ
4,7,9,مُفَاعَلٍ
4,6,9,مُفَعَّلٍ
4,6,8,مُفْعَلٍّ
2,4,7,فِعَالَةَ
4,6,3,فِعَالَةَ
2,4,7,فِعَالَةُ
4,6,3,فِعَالَةُ
2,4,7,فِعَالَةِ
4,6,3,فِعَالَةِ
2,4,7,فِعَالَةً
2,4,7,فِعَالَةٌ
2,4,7,فِعَالَةٍ
4,6,9,أَفْعَالَ
4,6,9,أَفْعَالُ
4,6,9,أَفْعَالِ
2,4,7,فِعَالَتَ
2,4,7,فِعَالَتُ
2,4,7,فِعَالَتِ
4,6,8,مَفْعَلَة
6,8,10,سْتُفْعِل
2,5,10,فَّعَائِل
2,5,7,فَّعَلَات
2,5,7,فَاعِلَةُ
3,7,10,افْتِعَال
2,4,7,فُعُولَات
2,4,7,فِعَالَةً
2,4,7,فِعَالَةٌ
2,4,7,فِعَالَةٍ
2,5,8,فَاعُولًا
2,6,9,فَّاعُولَ
2,6,9,فَّاعُولُ
2,6,9,فَّاعُولِ
2,7,9,فَوَاعِلُ
2,7,9,فَوَاعِلَ
2,7,9,فَوَاعِلِ
2,7,9,فَوَاعِلً
2,7,9,فَوَاعِلٌ
2,7,9,فَوَاعِلٍ
4,6,8,مِفْعَلًا
4,6,8,مِفْعَلِي
4,6,8,مِفْعَلُا
4,6,8,اِفْعَلَّ
4,6,8,أَفْعَلُّ
4,6,8,نَفْعَلُّ
4,6,8,تَفْعَلُّ
4,6,8,يَفْعَلُّ
4,6,8,تَفْعَلُّ
4,6,8,يَفْعَلُ
4,6,8,إِفْعَلْ
4,6,8,أَفْعَلَ
4,6,8,يُفْعِلُ
4,6,8,أَفْعِلْ
4,6,8,يُفاعِلُ
2,4,6,فَعَلْتُ
2,4,6,فَعَلْتَ
2,4,6,فَعَلْتِ
2,4,6,فَعْلَةَ
2,4,6,فَعْلَةُ
2,4,6,فَعْلَةِ
2,4,6,فَعْلَةً
2,4,6,فَعْلَةٌ
2,4,6,فَعْلَةٍ
2,4,6,فَعَلَتْ
2,4,6,فَعَلُوا
2,4,6,فَعَلْنَ
2,4,6,فَعَلْتُ
2,4,6,فَعَلْتَ
2,4,6,فَعَلْتِ
2,4,6,فَعَلَتْ
2,4,6,فَعَلُوا
2,4,6,فَعَلْنَ
2,4,6,فَعَلْتُ
2,4,6,فَعَلْتَ
2,4,6,فَعَلْتِ
2,4,6,فَعَلَتْ
2,4,6,فَعَلُوا
2,4,6,فَعَلْنَ
2,5,7,فَاعَلَا
4,6,8,أَفْعَلَ
2,4,7,فَعَّلَا
4,6,8,أَفْعَلُ
4,6,8,نَفْعَلُ
4,6,8,تَفْعَلُ
4,6,8,يَفْعَلُ
4,6,8,تَفْعَلُ
4,6,8,أَفْعُلُ
4,6,8,نَفْعُلُ
4,6,8,تَفْعُلُ
4,6,8,يَفْعُلُ
4,6,8,تَفْعُلُ
4,6,8,أَفْعِلُ
4,6,8,نَفْعِلُ
4,6,8,تَفْعِلُ
4,6,8,يَفْعِلُ
4,6,8,تَفْعِلُ
4,6,8,أُفْعِلُ
4,6,8,نُفْعِلُ
4,6,8,تُفْعِلُ
4,6,8,يُفْعِلُ
4,6,8,تُفْعِلُ
4,6,8,أَفْعَلْ
4,6,8,نَفْعَلْ
4,6,8,تَفْعَلْ
4,6,8,يَفْعَلْ
4,6,8,تَفْعَلْ
4,6,8,أَفْعُلْ
4,6,8,نَفْعُلْ
4,6,8,تَفْعُلْ
4,6,8,يَفْعُلْ
4,6,8,تَفْعُلْ
4,6,8,أَفْعِلْ
4,6,8,نَفْعِلْ
4,6,8,تَفْعِلْ
4,6,8,يَفْعِلْ
4,6,8,تَفْعِلْ
4,6,8,أُفْعِلْ
4,6,8,نُفْعِلْ
4,6,8,تُفْعِلْ
4,6,8,يُفْعِلْ
4,6,8,تُفْعِلْ
4,6,8,أَفْعَلَ
4,6,8,نَفْعَلَ
4,6,8,تَفْعَلَ
4,6,8,يَفْعَلَ
4,6,8,تَفْعَلَ
4,6,8,أَفْعُلَ
4,6,8,نَفْعُلَ
4,6,8,تَفْعُلَ
4,6,8,يَفْعُلَ
4,6,8,تَفْعُلَ
4,6,8,أَفْعِلَ
4,6,8,نَفْعِلَ
4,6,8,تَفْعِلَ
4,6,8,يَفْعِلَ
4,6,8,تَفْعِلَ
4,6,8,أُفْعِلَ
4,6,8,نُفْعِلَ
4,6,8,تُفْعِلَ
4,6,8,يُفْعِلَ
4,6,8,تُفْعِلَ
4,6,8,اِفْعَلْ
4,6,8,اُفْعُلْ
4,6,8,اِفْعِلْ
2,5,7,فَاعِلِي
2,5,7,فَاعِلَا
2,5,7,فَاعِلَا
4,6,8,أَفْعِلْ
2,4,7,فَعِّلِي
2,4,7,فَعِّلَا
2,4,7,فَعِّلَا
2,4,6,فُعِلْتُ
2,4,6,فُعِلْتَ
2,4,6,فُعِلْتِ
2,4,6,فُعِلَتْ
2,4,6,فُعِلُوا
2,4,6,فُعِلْنَ
2,4,6,فُعِلْتُ
2,4,6,فُعِلْتَ
2,4,6,فُعِلْتِ
2,4,6,فُعِلَتْ
2,4,6,فُعِلُوا
2,4,6,فُعِلْنَ
2,4,6,فُعِلْتُ
2,4,6,فُعِلْتَ
2,4,6,فُعِلْتِ
2,4,6,فُعِلَتْ
2,4,6,فُعِلُوا
2,4,6,فُعِلْنَ
2,5,7,فُوعِلَا
4,6,8,أُفْعِلَ
2,4,7,فُعِّلَا
4,6,8,أُفْعَلُ
4,6,8,نُفْعَلُ
4,6,8,تُفْعَلُ
4,6,8,يُفْعَلُ
4,6,8,تُفْعَلُ
4,6,8,أُفْعَلُ
4,6,8,نُفْعَلُ
4,6,8,تُفْعَلُ
4,6,8,يُفْعَلُ
4,6,8,تُفْعَلُ
4,6,8,أُفْعَلُ
4,6,8,نُفْعَلُ
4,6,8,تُفْعَلُ
4,6,8,يُفْعَلُ
4,6,8,تُفْعَلُ
4,6,8,أُفْعَلُ
4,6,8,نُفْعَلُ
4,6,8,تُفْعَلُ
4,6,8,يُفْعَلُ
4,6,8,تُفْعَلُ
4,6,8,أُفْعَلْ
4,6,8,نُفْعَلْ
4,6,8,تُفْعَلْ
4,6,8,يُفْعَلْ
4,6,8,تُفْعَلْ
4,6,8,أُفْعَلْ
4,6,8,نُفْعَلْ
4,6,8,تُفْعَلْ
4,6,8,يُفْعَلْ
4,6,8,تُفْعَلْ
4,6,8,أُفْعَلْ
4,6,8,نُفْعَلْ
4,6,8,تُفْعَلْ
4,6,8,يُفْعَلْ
4,6,8,تُفْعَلْ
4,6,8,أُفْعَلْ
4,6,8,نُفْعَلْ
4,6,8,تُفْعَلْ
4,6,8,يُفْعَلْ
4,6,8,تُفْعَلْ
4,6,8,أُفْعَلَ
4,6,8,نُفْعَلَ
4,6,8,تُفْعَلَ
4,6,8,يُفْعَلَ
4,6,8,تُفْعَلَ
4,6,8,أُفْعَلَ
4,6,8,نُفْعَلَ
4,6,8,تُفْعَلَ
4,6,8,يُفْعَلَ
4,6,8,تُفْعَلَ
4,6,8,أُفْعَلَ
4,6,8,نُفْعَلَ
4,6,8,تُفْعَلَ
4,6,8,يُفْعَلَ
4,6,8,تُفْعَلَ
4,6,8,أُفْعَلَ
4,6,8,نُفْعَلَ
4,6,8,تُفْعَلَ
4,6,8,يُفْعَلَ
4,6,8,تُفْعَلَ
2,6,8,فَّاعِلَ
2,6,8,فَّاعِلُ
2,6,8,فَّاعِلِ
2,5,7,فَاعِلًا
2,5,7,فَاعِلِي
2,5,7,فَاعِلَا
4,6,8,مُفْعِلَ
4,6,8,مُفْعِلُ
4,6,8,مُفْعِلِ
4,6,8,مُفْعِلٍ
4,6,8,مُفْعِلٌ
2,4,8,فَعَّالَ
2,4,8,فَعَّالُ
2,4,8,فَعَّالِ
2,4,8,فَعَّالٍ
2,4,8,فَعَّالٌ
2,4,8,فِعِّيلَ
2,4,8,فِعِّيلُ
2,4,8,فِعِّيلِ
2,4,8,فِعِّيلً
2,4,8,فِعِّيلٌ
2,4,8,فِعِّيلٍ
2,4,6,فُعَلَةَ
2,4,6,فُعَلَةُ
2,4,6,فُعَلَةِ
2,4,6,فُعَلَةً
2,4,6,فُعَلَةٌ
2,4,6,فُعَلَةٍ
2,4,6,فَعِلَةَ
2,4,6,فَعِلَةُ
2,4,6,فَعِلَةِ
2,4,6,فَعِلَةً
2,4,6,فَعِلَةٌ
2,4,6,فَعِلَةٍ
2,4,6,فَعِلُوا
2,4,7,فَعِيلِي
2,4,7,فَعِيلَا
2,4,7,فَعُولِي
2,4,7,فَعُولَا
4,6,8,مُفْعَلَ
6,8,3,مُفْعَلَ
4,6,8,مُفْعَلُ
6,8,3,مُفْعَلُ
4,6,8,مُفْعَلِ
6,8,3,مُفْعَلِ
4,6,8,مُفْعَلٌ
4,6,8,مُفْعَلٍ
2,4,7,فِعَالًا
4,7,3,فِّعَالَ
4,7,3,فِّعَالُ
2,4,7,فِعَالِي
4,7,3,فِّعَالِ
2,4,7,فِعَالَا
3,5,7,أفْعِلاء
4,7,9,أَفَاعِل
4,7,9,أَفَاعيل
5,7,9,انْفَعَل
3,7,9,افْتَعَل
4,7,9,تَفَاعَل
3,5,9,افْعَوّل
3,5,8,افْعَالّ
4,7,9,مَفَاعِل
2,4,9,فَعَائِل
4,6,9,إِفْعَال
2,5,7,فَاعِلَت
2,5,7,فَّعَلَة
4,6,9,تَفْعِيل
2,4,7,فِعَالَا
2,4,6,فِعْلَةُ
2,5,8,فَاعُولَ
2,5,8,فَاعُولُ
2,5,8,فَاعُولِ
2,5,8,فَاعُولٌ
2,5,8,فَاعُولٍ
2,5,8,فَاعُولَ
2,5,8,فَاعُولُ
2,5,8,فَاعُولِ
4,6,8,أَفْعَلِ
4,6,8,مِفْعَلَ
4,6,8,مِفْعَلُ
4,6,8,مِفْعَلِ
4,6,8,مِفْعَلٌ
4,6,8,مِفْعَلٍ
4,6,8,أَفْعَلٍ
4,6,8,مِفْعَلَ
4,6,8,مِفْعَلُ
4,6,8,مِفْعَلِ
2,4,7,فَعَّلَ
2,4,7,فَعِّلْ
2,5,7,فَاعَلَ
2,5,7,فَاعِلْ
2,4,6,فَعَلَا
2,4,6,فَعَلَا
2,4,6,فَعَلَا
2,5,7,فَاعَلَ
2,4,7,فَعَّلَ
2,5,7,فَاعِلْ
2,4,7,فَعِّلْ
2,4,6,فُعِلَا
2,4,6,فُعِلَا
2,4,6,فُعِلَا
2,5,7,فُوعِلَ
2,4,7,فُعِّلَ
2,5,7,فَاعِلَ
2,5,7,فَاعِلُ
2,5,7,فَاعِلِ
2,5,7,فَاعِلٍ
2,5,7,فَاعِلٌ
2,4,6,فَعِلِي
2,4,6,فَعِلَا
2,4,7,فَعِيلَ
2,4,7,فَعِيلُ
2,4,7,فَعِيلِ
2,4,7,فَعِيلً
2,4,7,فَعِيلٌ
2,4,7,فَعِيلٍ
2,4,7,فَعُولَ
2,4,7,فَعُولُ
2,4,7,فَعُولِ
2,4,7,فَعُولً
2,4,7,فَعُولٌ
2,4,7,فَعُولٍ
2,4,7,فِعَالَ
4,6,3,فِعَالَ
2,4,7,فِعَالُ
2,4,7,فِعَالٍ
4,6,3,فِعَالُ
2,4,7,فِعَالِ
4,6,3,فِعَالِ
2,4,7,فِعَالٌ
2,4,7,فِعَالٍ
2,4,7,فُعُولَ
2,4,7,فُعُولُ
2,4,7,فُعُولِ
2,4,6,فِعْلان
2,4,6,فَعَلَة
2,4,8,فُعَّال
2,4,6,فُعْلان
2,4,6,فِعَلَة
2,4,8,فَعَائل
2,6,8,فَواعِل
2,4,6,فُعَلاء
2,4,7,فَعَالى
2,6,8,فَاَعَل
3,5,7,افْعَلّ
4,6,8,تَفَعّل
2,4,6,فَعَلٌ
2,4,6,فَعَلًا
2,3,5,فعاليّة
2,3,5,فعوليّة
5,6,8,إستفعال
3,4,6,إفعنلال
3,4,8,إفعوّال
3,4,6,إفعيلال
2,4,6,فِعْلَت
2,4,7,فِعَالٌ
2,4,7,فِعَالٍ
2,4,7,فِعَالٍ
2,4,6,فَعَلَ
2,4,6,فَعَلَ
2,4,6,فَعَلَ
2,4,6,فُعِلَ
2,4,6,فُعِلَ
2,4,6,فُعِلَ
2,4,6,فَعِلَ
2,4,6,فَعِلُ
2,4,6,فَعِلِ
2,4,6,فَعِلً
2,4,6,فَعِلٌ
2,4,6,فَعِلْ
2,4,6,فَعَلْ
2,4,6,فَعِلٍ
2,4,6,فَعُلَ
4,5,7,أَفعُل
2,4,5,فِعلة 
2,4,6,فَعَلِ
2,4,6,فَعَلٍ
2,4,6,فَعَلٌ
2,4,6,فَعَلُ
2,4,6,فُعْلَ
2,4,6,فُعْلُ
2,4,6,فُعْلِ
2,4,6,فُعْلً
2,4,6,فُعْلٌ
2,4,6,فُعْلٍ
2,4,6,فَعْلى
2,4,7,فِعَال
2,4,6,فَعْلُ
2,4,6,فِعْلُ
2,4,7,فُعَّل
3,5,7,مفاعيل
2,3,7,فعاعيل
3,5,7,أفْعَل
3,4,5,أفعلاء
2,3,5,فعاليّ
5,6,7,إستفعل
2,3,6,فعّالة
3,6,7,افّوعل
2,3,4,فعليّة
3,6,7,افّاعل
2,4,6,فَعَلُ
2,4,6,فَعَلٍ
5,6,7,استفعل
3,4,6,مفعالّ
3,4,7,افعوّل
3,4,7,مفعوّل
4,5,7,انفعال
2,3,6,فعّالة
3,5,7,افتعال
4,5,7,متفعّل
4,6,7,متفاعل
5,6,7,مستفعل
3,4,5,افعلال
3,5,7,افدعال
3,5,7,افطعال
3,5,7,افثعال
3,4,6,افعالّ
3,4,5,أفعلاء
3,4,7,افعوعل
3,4,6,افعالّ
2,4,6,فَعَلَ
2,4,6,فَعْلِ
2,4,6,فَعْلٌ
3,4,5,أفعلة
3,4,6,أفعال
2,4,6,فُعُل
2,3,5,فعالة
2,4,6,فُعَل
2,4,6,فِعَل
3,5,6,مفاعل
2,4,6,فَعّل
2,3,5,فعالة
2,3,4,فعلان
3,4,6,مفعال
3,4,6,مفعول
2,3,4,فعلان
2,3,4,فعلاء
3,4,6,مفعال
3,4,5,مفعلة
2,3,5,فعالة
2,4,5,فاعلة
2,4,6,فاعول
3,4,6,أفعال
3,4,5,أفعلة
2,3,6,فعّال
2,3,4,فعلان
2,3,4,فعلان
2,3,4,فعلاء
2,5,6,فواعل
2,3,6,فعائل
2,3,5,فعالي
2,3,5,فعالى
2,3,6,فعّال
3,4,6,تفعّل
3,5,6,تفاعل
4,5,6,إنفعل
3,5,6,إفتعل
3,4,5,إفعلّ
2,3,4,فعلال
2,4,6,فاعول
2,3,4,فعلان
3,4,6,أفعال
2,3,5,فعالي
2,3,5,فعالى
2,3,6,فعائل
2,3,5,فعولة
2,3,5,فعيلة
2,3,6,فعّول
2,3,6,فعّال
2,5,6,فواعل
3,4,5,أفعلة
2,4,5,فاعلة
2,3,4,فعلاء
3,4,6,تفعّل
3,4,6,تفعيل
3,4,6,تفعال
3,5,6,تفاعل
3,4,5,افعلّ
3,4,6,افعال
3,5,6,افتعل
4,5,6,انفعل
3,4,5,مفعلّ
3,4,5,مفعلة
3,5,6,مفاعل
3,5,6,مفدعل
3,4,6,مفعول
3,4,6,مفعّل
3,5,6,مفتعل
4,5,6,منفعل
3,4,6,مفعيل
3,5,6,إفثعل
3,5,6,افطعل
3,5,6,افدعل
3,5,6,مفثعل
3,5,6,مفطعل
3,4,6,مفعال
2,3,6,فعّيل
2,3,5,فعالة
2,4,6,فَعّل
2,3,5,فعال
2,3,5,فعيل
2,3,4,فعلة
3,4,5,مفعل
3,4,5,مفعل
2,3,4,فعلة
2,3,4,فعلة
2,4,5,فاعل
2,3,5,فعال
2,3,5,فعول
2,3,5,فعيل
3,4,5,أفعل
2,3,4,فعلى
2,3,5,فعال
3,4,5,أفعل
2,3,4,فعلى
3,4,5,مفعل
3,4,5,مفعل
3,4,5,مفعل
3,4,5,أفعل
2,3,4,فعلة
2,3,4,فعلة
2,3,4,فعلة
2,3,4,فعلة
2,3,4,فعلى
2,3,5,فعّل
2,3,5,فعال
2,3,5,فعول
2,3,5,فعيل
2,3,5,فعيل
2,4,5,فاعل
2,3,5,فعّل
2,4,5,فاعل
3,4,5,أفعل
3,4,5,أفعل
3,4,5,مفعل
2,3,5,فعول
2,3,5,فعّل
2,3,5,فعال
2,3,5,فعيل
2,4,5,فاعل
2,3,4,فعلى
2,4,5,فوعل
2,3,4,فعلة
2,5,7,فَّعَلِ
2,5,7,فَّعْلَ
2,4,7,فُعِّلَّ
2,4,6,فَعْلٍ
2,4,6,فِعْلٍ
2,4,6,فُعَلِ
2,4,8,فَعَّالَتَ
